# Fix print output for fix ssall
0 -0.00562287993222273 0.00434843599362214 0.00434843599362172
9.99999999968094e-06 -0.00562247809466966 0.00434875325197756 0.00434875325197715
1.99999999999245e-05 -0.004866229975132 0.00480013540831354 0.00480013540831366
3.00000000001746e-05 -0.00410926659425174 0.00525222470079199 0.00525222470079191
3.99999999998755e-05 -0.00335159123184962 0.00570501689849152 0.00570501689849081
5.00000000002475e-05 -0.00259320786208104 0.00615850658702471 0.00615850658702396
6.00000000002906e-05 -0.0018341211575283 0.006612687177702 0.006612687177701
7.0000000000115e-05 -0.00107433649631195 0.00706755091808018 0.00706755091807944
8.00000000000528e-05 -0.000313860138458818 0.00752308873611547 0.0075230887361145
9.00000000002142e-05 0.000447301173398128 0.00797929066298536 0.00797929066298352
0.000100000000000043 0.0012091399348301 0.0084361455791118 0.00843614557911024
0.000109999999999872 0.00197164786331845 0.00889364123153348 0.00889364123153178
0.000119999999999811 0.0027348159254001 0.00935176429157748 0.00935176429157566
0.000129999999999969 0.00349863432256597 0.00981050037457963 0.00981050037457789
0.000139999999999792 0.00426309248071079 0.0102698340665661 0.0102698340665644
0.000150000000000277 0.00502817904385533 0.0107297489540501 0.0107297489540484
0.000160000000000202 0.00579388185886119 0.0111902276526398 0.0111902276526389
0.000170000000000121 0.00656018796591914 0.0116512518356885 0.0116512518356876
0.000180000000000145 0.00732708358905453 0.0121128022689984 0.0121128022689974
0.000189999999999938 0.00809455412826499 0.0125748588453292 0.0125748588453283
0.000200000000000278 0.00886258415322765 0.0130374006200666 0.0130374006200656
0.000210000000000165 0.00963115740497079 0.0135004058570762 0.0135004058570752
0.000219999999999707 0.0104002567914224 0.0139638520625745 0.0139638520625736
0.000229999999999904 0.0111698643723554 0.0144277160139033 0.0144277160139026
0.000240000000000199 0.0119399613674498 0.0148919738096287 0.0148919738096271
0.000250000000000036 0.0127105281614041 0.0153566009101038 0.0153566009101013
0.000259999999999748 0.0134815443145494 0.01582157218032 0.0158215721803174
0.000270000000000109 0.0142529885808954 0.0162868619522741 0.0162868619522718
0.000280000000000121 0.0150248388909288 0.0167524440458848 0.0167524440458832
0.000289999999999671 0.0157970723960132 0.0172182918344654 0.0172182918344635
0.0003000000000002 0.0165696654981386 0.0176843782893634 0.0176843782893616
0.000310000000000043 0.0173425938493753 0.0181506760281936 0.0181506760281929
0.000319999999999976 0.0181158323540497 0.0186171573342204 0.0186171573342198
0.000329999999999887 0.0188893553028343 0.019083794307871 0.0190837943078696
0.000340000000000329 0.0196631363229265 0.0195505588272504 0.019550558827249
0.000350000000000302 0.0204371484021919 0.020017422588197 0.0200174225881955
0.000360000000000139 0.0212113639747467 0.0204843571980887 0.0204843571980872
0.000369999999999948 0.0219857549325441 0.0209513341797431 0.0209513341797422
0.000380000000000063 0.0227602927104035 0.0214183250687894 0.0214183250687877
0.000390000000000148 0.0235349483082558 0.021885301442793 0.0218853014427914
0.000400000000000313 0.0243096923680832 0.022352234987578 0.0223522349875765
0.000410000000000003 0.0250844952334535 0.022819097539724 0.0228190975397224
0.000419999999999993 0.0258593269941614 0.0232858611326328 0.0232858611326312
0.000429999999999949 0.026634157568722 0.0237524980527168 0.0237524980527149
0.000439999999999759 0.0274089567843504 0.0242189808989736 0.0242189808989718
0.000449999999999976 0.0281836944143409 0.0246852826118145 0.0246852826118128
0.000460000000000044 0.0289583402710525 0.025151376537684 0.0251513765376822
0.000470000000000073 0.0297328642566435 0.0256172364459126 0.025617236445911
0.000479999999999729 0.030507236450482 0.0260828365901263 0.0260828365901247
0.000489999999999787 0.0312814271725437 0.026548151755027 0.0265481517550255
0.000500000000000135 0.0320554070677433 0.0270131572988393 0.0270131572988376
0.000509999999999995 0.0328291471893979 0.0274778292007124 0.0274778292007108
0.000520000000000143 0.0336026190607634 0.0279421440969192 0.0279421440969177
0.000530000000000022 0.0343757947474646 0.0284060793216503 0.0284060793216496
0.000539999999999963 0.0351486469267855 0.0288696129376507 0.0288696129376492
0.000550000000000078 0.0359211489597056 0.0293327237676159 0.0293327237676142
0.000560000000000252 0.0366932749819935 0.0297953914601632 0.0297953914601616
0.00056999999999993 0.0374649999609371 0.0302575965116905 0.0302575965116891
0.000579999999999888 0.038236299754299 0.0307193202867663 0.0307193202867657
0.000589999999999791 0.0390071511730365 0.0311805450479531 0.0311805450479531
0.000599999999999749 0.0397775320367977 0.0316412539902672 0.0316412539902671
0.00060999999999987 0.0405474212294342 0.0321014312642625 0.0321014312642623
0.000620000000000044 0.0413167987515149 0.0325610620004677 0.0325610620004663
0.000630000000000157 0.0420856457725483 0.0330201323320009 0.0330201323319995
0.000640000000000098 0.0428539446743649 0.0334786294255949 0.0334786294255935
0.000649999999999753 0.0436216790759653 0.0339365414820881 0.0339365414820867
0.000659999999999898 0.0443888338649767 0.0343938577505281 0.034393857750527
0.000670000000000199 0.0451553952472915 0.0348505685522481 0.0348505685522477
0.000680000000000099 0.0459213508151964 0.0353066652905141 0.0353066652905136
0.00068999999999993 0.0466866896013536 0.0357621406194784 0.0357621406194777
0.000700000000000024 0.0474514019288796 0.0362169882171203 0.0362169882171198
0.000710000000000045 0.0482154792011068 0.0366712025746969 0.0366712025746956
0.000720000000000104 0.0489789144022913 0.0371247794968293 0.0371247794968277
0.000730000000000087 0.0497417018937729 0.0375777158989481 0.0375777158989471
0.000740000000000105 0.0505038374043183 0.0380300098060159 0.0380300098060158
0.000750000000000044 0.0512653180134248 0.0384816603406337 0.0384816603406332
0.000760000000000015 0.0520261421400906 0.0389326677231763 0.0389326677231759
0.000769999999999682 0.0527863095131703 0.0393830332569069 0.0393830332569062
0.000780000000000043 0.0535458211652865 0.0398327593372027 0.039832759337202
0.000789999999999876 0.0543046793882843 0.0402818494226093 0.0402818494226075
0.000799999999999956 0.0550628877052385 0.0407303080250906 0.0407303080250885
0.00081000000000017 0.0558204508366573 0.0411781406934803 0.0411781406934789
0.000819999999999962 0.0565773746644151 0.0416253539998388 0.0416253539998378
0.000830000000000107 0.057333666179027 0.0420719555149651 0.0420719555149642
0.000839999999999827 0.0580893334389999 0.0425179537880712 0.0425179537880704
0.000849999999999896 0.0588443855194854 0.0429633583189306 0.04296335831893
0.000859999999999981 0.0595988324713373 0.0434081795380793 0.0434081795380794
0.000869999999999968 0.0603526852667115 0.0438524287811828 0.0438524287811825
0.000879999999999745 0.0611059557420994 0.0442961182572393 0.0442961182572389
0.000890000000000309 0.0618586565476461 0.0447392610192776 0.0447392610192772
0.000900000000000216 0.0626108010939429 0.045181870930803 0.0451818709308026
0.000910000000000019 0.0633624034964256 0.0456239626330623 0.0456239626330622
0.000919999999999827 0.0641134785114253 0.0460655515092431 0.0460655515092429
0.000929999999999971 0.0648640414877645 0.0465066536495811 0.0465066536495806
0.000939999999999895 0.0656141083202515 0.0469472858180335 0.0469472858180329
0.000949999999999708 0.0663636953887097 0.0473874654025097 0.0473874654025092
0.000959999999999963 0.0671128195084989 0.0478272103936764 0.0478272103936754
0.000970000000000326 0.0678614978839413 0.0482665393364035 0.0482665393364021
0.000980000000000017 0.0686097480084862 0.0487054712647688 0.0487054712647675
0.000990000000000256 0.0693575876949351 0.0491440256979254 0.0491440256979241
0.00100000000000004 0.070105034986667 0.0495822225814274 0.0495822225814259
0.00101000000000015 0.070852108123527 0.050020082244733 0.0500200822447314
0.00102000000000025 0.0715988254961702 0.0504576253551893 0.0504576253551878
0.00103000000000022 0.0723452056116799 0.0508948728793799 0.0508948728793786
0.00103999999999995 0.0730912670379252 0.0513318460305677 0.0513318460305663
0.00105000000000022 0.0738370283765673 0.0517685662260105 0.0517685662260091
0.00105999999999981 0.0745825082363968 0.0522050550480076 0.0522050550480062
0.00106999999999992 0.0753277252084232 0.0526413341999665 0.0526413341999651
0.00108000000000002 0.0760726978297512 0.0530774254574821 0.0530774254574808
0.00108999999999998 0.0768174445469076 0.0535133506234766 0.0535133506234753
0.00109999999999991 0.0775619836915436 0.0539491314743981 0.0539491314743969
0.00111000000000014 0.0783063334711976 0.0543847897358167 0.0543847897358153
0.00112000000000012 0.07905051194658 0.0548203470346116 0.0548203470346103
0.00112999999999996 0.0797945370142042 0.055255824856747 0.0552558248567458
0.00113999999999976 0.0805384263839193 0.05569124449698 0.0556912444969788
0.00115000000000008 0.0812821975658631 0.0561266270205848 0.0561266270205834
0.00115999999999992 0.0820258678565121 0.0565619932223563 0.056561993222355
0.00116999999999983 0.0827694543364295 0.0569973635950171 0.0569973635950157
0.00117999999999992 0.0835129738366637 0.0574327582751142 0.0574327582751127
0.00118999999999985 0.0842564429450794 0.0578681970124809 0.0578681970124795
0.00120000000000018 0.0849998779924102 0.0583036991351124 0.0583036991351109
0.0012099999999999 0.085743295042003 0.0587392835113517 0.0587392835113503
0.00122000000000002 0.0864867098813008 0.0591749685171682 0.0591749685171669
0.00122999999999998 0.0872301380209731 0.0596107720047577 0.0596107720047565
0.0012400000000001 0.0879735946764115 0.0600467112665395 0.0600467112665381
0.00125000000000028 0.0887170947605395 0.0604828030037279 0.0604828030037266
0.00126000000000017 0.0894606528642536 0.0609190632882756 0.0609190632882745
0.00127000000000012 0.0902042832685618 0.0613555075598153 0.0613555075598141
0.00128 0.0909479999383012 0.0617921505935221 0.0617921505935208
0.00128999999999993 0.0916918165085956 0.0622290064740457 0.0622290064740444
0.00130000000000002 0.092435746266049 0.0626660885681653 0.0626660885681641
0.00130999999999992 0.09317980197182 0.0631034093441845 0.0631034093441833
0.0013200000000002 0.0939239963723588 0.0635409808698607 0.0635409808698596
0.00133000000000007 0.0946683416430069 0.0639788142471838 0.0639788142471828
0.00134000000000009 0.0954128495646089 0.0644169197897327 0.0644169197897314
0.00134999999999992 0.0961575315101816 0.0648553070078897 0.0648553070078887
0.00136000000000011 0.0969023984285551 0.0652939845994912 0.0652939845994903
0.00137000000000011 0.0976474608315552 0.0657329604421751 0.0657329604421743
0.00138000000000002 0.0983927287828811 0.0661722415842321 0.0661722415842312
0.00138999999999996 0.0991382118676236 0.0666118342254987 0.0666118342254978
0.00140000000000004 0.0998839191805967 0.0670517437220943 0.0670517437220935
0.00141000000000013 0.100629859305614 0.0674919745779279 0.067491974577927
0.00141999999999991 0.101376040303004 0.0679325304503371 0.0679325304503364
0.00143000000000015 0.102122469692578 0.0683734141498138 0.0683734141498127
0.00144000000000007 0.10286915443121 0.0688146276406121 0.068814627640611
0.00145000000000001 0.103616100895955 0.0692561720439615 0.0692561720439606
0.00145999999999984 0.104363314881226 0.0696980476481343 0.0696980476481331
0.00147000000000012 0.105110801606393 0.0701402539105554 0.0701402539105545
0.00148000000000029 0.105858565610492 0.0705827894692169 0.0705827894692159
0.00149000000000002 0.106606610784599 0.0710256521538082 0.071025652153807
0.00150000000000031 0.10735494034969 0.0714688389890005 0.071468838988999
0.00150999999999993 0.1081035568624 0.0719123462325443 0.0719123462325429
0.00151999999999988 0.108852462175681 0.0723561693627481 0.0723561693627468
0.00153000000000005 0.1096016574592 0.072800303115847 0.0728003031158459
0.00153999999999987 0.110351143178213 0.0732447415013667 0.0732447415013655
0.00154999999999968 0.111100919074432 0.0736894778188769 0.0736894778188758
0.00156000000000025 0.11185098416777 0.0741345046759047 0.0741345046759036
0.00157000000000015 0.112601336748088 0.0745798140094802 0.074579814009479
0.00157999999999969 0.113351974379037 0.0750253971157175 0.0750253971157164
0.00159000000000031 0.114102893898321 0.0754712446748752 0.0754712446748741
0.00160000000000014 0.114854091409156 0.0759173467716172 0.0759173467716161
0.00160999999999995 0.115605562296223 0.0763636929248515 0.0763636929248506
0.00162000000000006 0.116357301230323 0.0768102721161955 0.0768102721161946
0.00162999999999991 0.117109302175027 0.0772570728185691 0.0772570728185684
0.00164000000000007 0.117861558396556 0.0777040830230755 0.0777040830230749
0.00164999999999997 0.118614062488751 0.0781512902718964 0.0781512902718957
0.00165999999999994 0.119366806395141 0.0785986816966963 0.0785986816966956
0.00167000000000009 0.120119781414443 0.0790462440474112 0.0790462440474106
0.00167999999999987 0.120872978234357 0.0794939637284792 0.0794939637284786
0.00169000000000027 0.121626386949437 0.079941826816914 0.0799418268169135
0.00170000000000007 0.122379997097485 0.0803898191102529 0.0803898191102525
0.00171000000000026 0.123133797673058 0.0808379261526882 0.0808379261526878
0.00172000000000006 0.123887777170701 0.081286133273101 0.0812861332731007
0.00173000000000003 0.124641923616123 0.0817344256136248 0.0817344256136245
0.00174000000000006 0.12539622461356 0.0821827881765708 0.0821827881765704
0.00175000000000025 0.126150667362781 0.0826312058482345 0.0826312058482341
0.00175999999999982 0.126905238707465 0.0830796634348096 0.0830796634348091
0.00176999999999999 0.1276599251788 0.083528145699082 0.0835281456990815
0.00177999999999998 0.128414713031511 0.0839766373906391 0.0839766373906386
0.00179000000000012 0.129169588286668 0.0844251232870214 0.0844251232870209
0.00179999999999985 0.129924536782129 0.0848735882260152 0.0848735882260148
0.00180999999999996 0.130679544219094 0.0853220171378644 0.0853220171378641
0.00182000000000032 0.131434596197513 0.0857703950752136 0.0857703950752135
0.00182999999999993 0.132189678265562 0.0862187072499556 0.0862187072499555
0.00184000000000024 0.132944775956549 0.0866669390608923 0.0866669390608922
0.00185000000000023 0.133699874822368 0.087115076119314 0.0871150761193139
0.00186000000000003 0.134454960526628 0.0875631042965207 0.0875631042965205
0.00186999999999996 0.135210018848506 0.0880110097425164 0.0880110097425162
0.00187999999999991 0.135965035732136 0.0884587789166992 0.088458778916699
0.0018900000000002 0.136719997328549 0.0889063986203588 0.0889063986203587
0.00190000000000006 0.13747489003213 0.0893538560158241 0.089353856015824
0.00190999999999982 0.138229700518916 0.0898011386500892 0.089801138650089
0.00191999999999981 0.138984415682406 0.0902482343830953 0.0902482343830951
0.00192999999999969 0.139739022895095 0.0906951316337213 0.0906951316337211
0.00194000000000001 0.140493509980904 0.0911418193428068 0.0911418193428065
0.00194999999999978 0.141247865105736 0.0915882868540181 0.0915882868540177
0.00195999999999998 0.14200207688718 0.0920345240140876 0.0920345240140872
0.00197000000000007 0.142756134411757 0.0924805211877349 0.0924805211877345
0.00197999999999992 0.143510027269439 0.0929262692770942 0.0929262692770939
0.0019900000000001 0.144263745575287 0.093371759741063 0.0933717597410627
0.00200000000000004 0.145017279985701 0.0938169846078784 0.0938169846078781
0.00200999999999984 0.145770621711799 0.094261936485058 0.0942619364850578
0.00202000000000007 0.146523762540987 0.0947066085803723 0.0947066085803719
0.00203000000000017 0.147276694839345 0.0951509947000167 0.0951509947000163
0.00204000000000001 0.14802941156943 0.0955950892642873 0.0955950892642869
0.00204999999999994 0.148781906288133 0.096038887312393 0.0960388873123926
0.00205999999999984 0.149534173156268 0.0964823845148985 0.0964823845148981
0.00207000000000025 0.150286206918195 0.0969255771638313 0.0969255771638308
0.00208000000000018 0.151038002908205 0.0973684621757038 0.0973684621757033
0.00209000000000018 0.151789557124815 0.0978110371354848 0.0978110371354843
0.00210000000000014 0.152540866134653 0.098253300249428 0.0982533002494275
0.00211000000000016 0.153291927091618 0.0986952503569687 0.0986952503569683
0.0021199999999999 0.154042737731592 0.0991368869307208 0.0991368869307204
0.00212999999999993 0.154793296364404 0.0995782100743082 0.0995782100743078
0.0021399999999999 0.155543601856668 0.100019220511632 0.100019220511632
0.00214999999999971 0.156293653614129 0.100459919579347 0.100459919579346
0.00216000000000011 0.157043451570986 0.100900309221024 0.100900309221024
0.0021699999999999 0.157792996173543 0.101340391976984 0.101340391976984
0.00218000000000028 0.158542288360476 0.101780170968155 0.101780170968155
0.00218999999999982 0.159291329545947 0.102219649891397 0.102219649891396
0.00219999999999973 0.160040121611705 0.102658833007044 0.102658833007043
0.00220999999999989 0.160788666877338 0.103097725117516 0.103097725117515
0.0022200000000002 0.161536968085092 0.103536331555783 0.103536331555782
0.00223000000000031 0.162285028375247 0.103974658165697 0.103974658165696
0.00223999999999968 0.163032851312156 0.104412711287463 0.104412711287463
0.00224999999999972 0.163780440817985 0.104850497734915 0.104850497734915
0.00225999999999968 0.16452780109497 0.105288024774787 0.105288024774787
0.00227000000000032 0.16527493668852 0.105725300108984 0.105725300108984
0.00227999999999975 0.166021852445971 0.10616233185109 0.106162331851089
0.00229000000000008 0.166768553500614 0.106599128507936 0.106599128507935
0.00230000000000009 0.167515045244515 0.107035698947096 0.107035698947095
0.00230999999999987 0.168261333322654 0.107472052378643 0.107472052378642
0.00231999999999977 0.16900742360866 0.107908198329077 0.107908198329077
0.00233000000000011 0.169753322188234 0.108344146615353 0.108344146615353
0.00233999999999989 0.170499035343898 0.108779907319251 0.10877990731925
0.00234999999999988 0.171244569545827 0.109215490766319 0.109215490766319
0.00236000000000019 0.171989931433279 0.109650907494601 0.1096509074946
0.00236999999999982 0.172735127797439 0.110086168225792 0.110086168225791
0.00237999999999999 0.173480165567273 0.110521283841147 0.110521283841146
0.00239000000000014 0.174225051802506 0.110956265357071 0.11095626535707
0.00239999999999971 0.174969793681644 0.111391123894058 0.111391123894058
0.00240999999999991 0.175714398476898 0.111825870647373 0.111825870647372
0.00241999999999998 0.176458873559194 0.112260516866385 0.112260516866384
0.00242999999999979 0.177203226383932 0.112695073822892 0.112695073822892
0.00244000000000011 0.177947464483535 0.113129552787451 0.113129552787451
0.00244999999999973 0.17869159546196 0.11356396500227 0.113563965002269
0.00246000000000008 0.179435626966709 0.113998321645805 0.113998321645804
0.00246999999999994 0.1801795666922 0.114432633819628 0.114432633819628
0.00248000000000009 0.180923422368461 0.114866912517837 0.114866912517837
0.00249000000000018 0.181667201750443 0.115301168601167 0.115301168601167
0.0025000000000001 0.182410912614079 0.115735412771832 0.115735412771831
0.00250999999999996 0.18315456274147 0.116169655551516 0.116169655551515
0.00251999999999987 0.183898159911305 0.1166039072571 0.1166039072571
0.00253000000000016 0.184641711915264 0.117038178005051 0.117038178005051
0.00254000000000004 0.185385226792145 0.117472477930061 0.11747247793006
0.00255000000000008 0.186128711906597 0.117906816256079 0.117906816256078
0.00255999999999992 0.186872174921349 0.118341202256001 0.118341202256001
0.00256999999999991 0.187615623443392 0.118775644889511 0.11877564488951
0.00258000000000014 0.18835906501595 0.119210152791209 0.119210152791209
0.00259000000000007 0.18910250709842 0.119644734244163 0.119644734244162
0.00260000000000002 0.189845957056257 0.120079397167456 0.120079397167456
0.00261000000000009 0.190589422148351 0.120514149100385 0.120514149100385
0.00262000000000018 0.191332909514779 0.120948997187335 0.120948997187334
0.00262999999999973 0.192076426191732 0.121383948191097 0.121383948191096
0.00263999999999995 0.192819978976229 0.121819008391231 0.121819008391231
0.00264999999999983 0.193563574605758 0.122254183665625 0.122254183665624
0.00266000000000017 0.194307219589812 0.12268947945178 0.122689479451779
0.00266999999999994 0.195050920239152 0.123124900730535 0.123124900730534
0.00267999999999971 0.19579468265895 0.123560452024091 0.123560452024091
0.0026899999999998 0.196538512729166 0.123996137388215 0.123996137388215
0.00270000000000032 0.19728241608796 0.124431960405461 0.124431960405461
0.00271000000000027 0.198026398115855 0.124867924180062 0.124867924180062
0.00271999999999997 0.198770463916859 0.125304031334435 0.125304031334434
0.00272999999999999 0.19951461831011 0.125740284007768 0.125740284007768
0.00273999999999998 0.200258865812059 0.126176683853573 0.126176683853572
0.00274999999999982 0.201003210622452 0.126613232039703 0.126613232039703
0.00275999999999985 0.201747656609786 0.127049929250711 0.127049929250711
0.00276999999999995 0.202492207293224 0.127486775690223 0.127486775690223
0.00278000000000002 0.203236865827768 0.127923771079485 0.127923771079484
0.0027899999999997 0.203981635003423 0.12836091466897 0.128360914668969
0.00280000000000022 0.204726517230429 0.128798205240059 0.128798205240058
0.00280999999999991 0.205471514522661 0.129235641107003 0.129235641107003
0.00282000000000022 0.206216628490482 0.129673220126571 0.12967322012657
0.0028299999999999 0.20696186034286 0.130110939714076 0.130110939714076
0.00284000000000019 0.207707210874147 0.130548796846938 0.130548796846937
0.0028500000000003 0.208452680459113 0.130986788073324 0.130986788073323
0.0028599999999999 0.209198269056385 0.131424909527633 0.131424909527632
0.00286999999999998 0.209943976198024 0.131863156941989 0.131863156941988
0.0028800000000002 0.210689800991256 0.132301525659068 0.132301525659068
0.00288999999999978 0.211435742118588 0.132740010647868 0.132740010647868
0.00290000000000017 0.212181797842085 0.13317860651393 0.13317860651393
0.00291000000000013 0.212927966011195 0.133617307518408 0.133617307518408
0.00292 0.213674244064457 0.134056107592211 0.13405610759221
0.00293000000000011 0.214420629040039 0.134495000356385 0.134495000356385
0.00293999999999989 0.215167117578377 0.134933979135402 0.134933979135402
0.00294999999999991 0.215913705939292 0.135373036979384 0.135373036979384
0.00296000000000003 0.216660390010449 0.135812166679225 0.135812166679225
0.00297000000000016 0.217407165320035 0.136251360786209 0.136251360786209
0.00298000000000017 0.218154027057029 0.136690611636113 0.136690611636113
0.00298999999999973 0.218900970075863 0.13712991135544 0.13712991135544
0.00300000000000006 0.219647988922413 0.137569251895848 0.137569251895848
0.0030099999999997 0.220395077856723 0.138008625053927 0.138008625053926
0.00301999999999988 0.221142230877791 0.138448022490011 0.138448022490011
0.00302999999999981 0.221889441772838 0.138887435763662 0.138887435763662
0.00304000000000004 0.222636704041903 0.139326856307022 0.139326856307022
0.00304999999999981 0.223384010988623 0.139766275488494 0.139766275488494
0.00306000000000009 0.224131355738452 0.140205684628327 0.140205684628326
0.00306999999999989 0.224878731258783 0.140645075015699 0.140645075015699
0.0030800000000002 0.225626130378855 0.141084437927763 0.141084437927763
0.00309000000000002 0.226373545815222 0.141523764653096 0.141523764653096
0.00309999999999969 0.227120970199066 0.141963046510767 0.141963046510766
0.00310999999999973 0.227868396101311 0.142402274873498 0.142402274873498
0.00312000000000028 0.22861581605672 0.142841441188957 0.142841441188956
0.00313000000000032 0.229363222582816 0.143280536996459 0.143280536996458
0.00313999999999974 0.230110608210038 0.143719553949061 0.14371955394906
0.00314999999999998 0.23085796542338 0.144158483749038 0.144158483749038
0.00316000000000003 0.231605286921849 0.144597318409706 0.144597318409705
0.00317 0.232352565494101 0.145036050124179 0.145036050124178
0.00317999999999979 0.233099793942007 0.145474671185993 0.145474671185992
0.0031899999999997 0.233846965187123 0.145913174092732 0.145913174092732
0.00320000000000009 0.234594072298785 0.146351551567752 0.146351551567752
0.00320999999999971 0.235341108504753 0.146789796569406 0.146789796569406
0.00321999999999979 0.236088067213587 0.147227902312419 0.147227902312419
0.00322999999999999 0.236834942026778 0.147665862280665 0.147665862280665
0.00323999999999997 0.237581726766603 0.148103670245774 0.148103670245774
0.00325000000000007 0.238328415475164 0.148541320267605 0.148541320267604
0.00326000000000016 0.239075002438506 0.148978806717394 0.148978806717394
0.00326999999999991 0.239821482194852 0.149416124287196 0.149416124287196
0.00327999999999987 0.240567849547715 0.149853267999522 0.149853267999522
0.00329000000000015 0.241314099574599 0.150290233220903 0.150290233220903
0.00330000000000019 0.242060227628653 0.15072701566557 0.15072701566557
0.00331000000000032 0.242806229351473 0.151163611406254 0.151163611406254
0.00331999999999997 0.243552100681766 0.151600016881392 0.151600016881392
0.00332999999999993 0.244297837852174 0.152036228900302 0.152036228900302
0.00333999999999985 0.245043437395412 0.152472244649297 0.152472244649297
0.00335000000000029 0.245788896142948 0.152908061694678 0.152908061694678
0.00335999999999979 0.246534211231661 0.153343677989368 0.153343677989368
0.00337000000000024 0.247279380103584 0.15377909187334 0.15377909187334
0.00337999999999976 0.248024400508271 0.15421430207566 0.15421430207566
0.00338999999999999 0.248769270499474 0.154649307717719 0.154649307717718
0.00339999999999994 0.249513988429766 0.155084108306762 0.155084108306761
0.00341000000000016 0.250258552947026 0.15551870373619 0.155518703736189
0.00341999999999987 0.251002963019624 0.155953094285465 0.155953094285465
0.00342999999999984 0.25174721786782 0.15638728061855 0.15638728061855
0.00343999999999973 0.25249131699431 0.156821263778855 0.156821263778854
0.00345000000000031 0.253235260164258 0.157255045172252 0.157255045172252
0.00346000000000014 0.253979047416839 0.157688626578621 0.15768862657862
0.00347000000000021 0.254722679050266 0.158122010137043 0.158122010137042
0.00347999999999997 0.255466155611738 0.158555198339716 0.158555198339715
0.00348999999999996 0.256209477893936 0.158988194020852 0.158988194020852
0.00350000000000007 0.256952646928905 0.159421000350793 0.159421000350793
0.00350999999999997 0.257695663972844 0.159853620819149 0.159853620819149
0.00351999999999997 0.258438530511243 0.160286059233937 0.160286059233937
0.00352999999999997 0.259181248241282 0.160718319703138 0.160718319703137
0.00354000000000006 0.259923819060142 0.161150406622583 0.161150406622583
0.00355000000000015 0.260666245065551 0.161582324667695 0.161582324667695
0.00356000000000032 0.261408528548369 0.162014078778161 0.16201407877816
0.00357000000000004 0.262150671976007 0.162445674143013 0.162445674143013
0.00358000000000005 0.262892677991532 0.162877116185417 0.162877116185417
0.00359000000000004 0.263634549403779 0.163308410548303 0.163308410548303
0.00360000000000032 0.264376289182541 0.163739563082205 0.163739563082205
0.0036099999999999 0.265117900451565 0.164170579825327 0.164170579825327
0.00361999999999977 0.265859386476029 0.164601466988391 0.164601466988391
0.00363000000000003 0.266600750661019 0.165032230936979 0.165032230936979
0.0036399999999999 0.26734199654534 0.165462878177259 0.165462878177259
0.00365000000000016 0.268083127799932 0.165893415343048 0.165893415343047
0.00366000000000003 0.268824148210108 0.166323849169281 0.166323849169281
0.00366999999999983 0.26956506167286 0.166754186478795 0.166754186478795
0.00368000000000011 0.270305872192056 0.167184434164702 0.167184434164702
0.00368999999999987 0.271046583876234 0.167614599174137 0.167614599174137
0.00369999999999989 0.271787200921943 0.168044688488388 0.168044688488388
0.00371000000000004 0.272527727613553 0.168474709106098 0.168474709106098
0.00372000000000021 0.273268168323092 0.168904668028798 0.168904668028798
0.00373000000000007 0.274008527466547 0.169334572226017 0.169334572226017
0.00373999999999995 0.274748809550808 0.169764428647617 0.169764428647617
0.00375000000000016 0.275489019166525 0.170194244202979 0.170194244202979
0.00376000000000016 0.276229160942899 0.170624025724766 0.170624025724766
0.00377000000000004 0.276969239173786 0.171053779579393 0.171053779579393
0.00378000000000014 0.277709258910061 0.171483512749577 0.171483512749577
0.0037899999999999 0.27844922490397 0.171913231770359 0.171913231770359
0.0038000000000003 0.279189141935966 0.172342943049186 0.172342943049186
0.0038099999999997 0.279929014802377 0.172772652847692 0.172772652847692
0.00381999999999995 0.280668848350191 0.173202367268665 0.173202367268665
0.00383000000000007 0.281408647380078 0.173632092239264 0.173632092239264
0.00383999999999971 0.282148416686128 0.17406183350485 0.17406183350485
0.00385000000000008 0.282888161040886 0.174491596607925 0.174491596607925
0.00385999999999997 0.283627885183652 0.174921386876409 0.174921386876409
0.00386999999999993 0.284367593811623 0.175351209416017 0.175351209416017
0.00388000000000005 0.285107291570102 0.175781069095411 0.175781069095411
0.00389000000000023 0.285846983051293 0.176210970542626 0.176210970542626
0.00389999999999991 0.286586672771335 0.176640918131592 0.176640918131592
0.00391000000000007 0.287326365155151 0.177070915970621 0.177070915970621
0.00392000000000017 0.288066064537148 0.177500967899127 0.177500967899127
0.0039300000000003 0.288805775139701 0.177931077471968 0.177931077471968
0.00393999999999969 0.289545501069457 0.178361247959753 0.178361247959753
0.00394999999999998 0.290285246304379 0.178791482341012 0.178791482341012
0.00395999999999997 0.291025014682639 0.179221783296734 0.179221783296734
0.00396999999999997 0.29176480988181 0.179652153201293 0.179652153201293
0.00398000000000032 0.292504635414872 0.180082594124875 0.180082594124875
0.00398999999999979 0.293244494618728 0.180513107828612 0.180513107828611
0.00400000000000004 0.293984390642808 0.180943695762453 0.180943695762453
0.00400999999999984 0.294724326435157 0.181374359061121 0.181374359061121
0.00401999999999997 0.295464304741051 0.181805098546491 0.181805098546491
0.00402999999999986 0.296204328089288 0.182235914727365 0.182235914727365
0.00404000000000007 0.296944398788557 0.182666807802619 0.182666807802619
0.00404999999999982 0.297684518909484 0.183097777655819 0.183097777655819
0.00406000000000031 0.298424690277355 0.183528823857834 0.183528823857834
0.00407000000000033 0.299164914473412 0.183959945676985 0.183959945676984
0.00407999999999998 0.299905192829785 0.184391142078275 0.184391142078275
0.00409000000000025 0.300645526421423 0.184822411728025 0.184822411728025
0.00409999999999993 0.301385916058267 0.18525375300007 0.185253753000069
0.00411 0.302126362281546 0.18568516398216 0.18568516398216
0.0041199999999999 0.302866865360143 0.186116642476247 0.186116642476247
0.00412999999999974 0.303607425296834 0.186548186015163 0.186548186015163
0.00413999999999985 0.304348041821022 0.186979791864766 0.186979791864766
0.0041500000000001 0.305088714397226 0.187411457033682 0.187411457033682
0.00415999999999996 0.305829442221731 0.187843178282306 0.187843178282306
0.00416999999999973 0.306570224219105 0.188274952126652 0.188274952126652
0.00417999999999996 0.307311059053395 0.188706774856057 0.188706774856057
0.00418999999999989 0.308051945141551 0.18913864254343 0.189138642543429
0.00420000000000006 0.308792880700958 0.189570551054645 0.189570551054645
0.0042099999999999 0.309533863608493 0.190002496053445 0.190002496053445
0.00421999999999997 0.310274891542864 0.190434473022124 0.190434473022124
0.00422999999999993 0.311015961953395 0.19086647727009 0.19086647727009
0.0042400000000001 0.31175707206492 0.191298503944985 0.191298503944985
0.00425000000000016 0.312498218897519 0.191730548054155 0.191730548054155
0.0042600000000002 0.313239399268703 0.192162604469661 0.192162604469661
0.00426999999999967 0.313980609802413 0.192594667934672 0.192594667934672
0.00428 0.31472184695688 0.19302673309313 0.19302673309313
0.00428999999999997 0.315463107012125 0.193458794489449 0.193458794489449
0.0042999999999999 0.31620438609789 0.193890846589151 0.193890846589151
0.00430999999999991 0.316945680217427 0.194322883795484 0.194322883795484
0.00431999999999986 0.31768698525234 0.194754900462374 0.194754900462374
0.00433000000000033 0.318428296976896 0.195186890906858 0.195186890906858
0.00433999999999985 0.319169611072773 0.195618849424193 0.195618849424193
0.00435000000000031 0.319910923145959 0.196050770301802 0.196050770301802
0.00435999999999981 0.320652228740291 0.196482647834955 0.196482647834955
0.0043699999999998 0.32139352334231 0.196914476339027 0.196914476339027
0.00437999999999994 0.322134802741311 0.197346250498783 0.197346250498783
0.0043900000000001 0.322876062536218 0.197777964873218 0.197777964873218
0.00439999999999996 0.323617297633261 0.198209613395919 0.198209613395919
0.00441000000000006 0.324358503469804 0.198641190600766 0.198641190600766
0.00442000000000006 0.325099675504644 0.199072691107726 0.199072691107726
0.00443000000000007 0.325840809235941 0.199504109643278 0.199504109643278
0.00443999999999975 0.326581900201668 0.199935441039963 0.199935441039963
0.00445000000000009 0.327322944003012 0.200366680260302 0.200366680260302
0.0044600000000001 0.328063936316018 0.200797822405205 0.200797822405205
0.00447000000000009 0.328804872907553 0.201228862727372 0.201228862727372
0.00447999999999974 0.3295457496343 0.201659796637286 0.201659796637286
0.00449000000000024 0.330286562457717 0.202090619716622 0.202090619716622
0.00449999999999995 0.331027307451015 0.202521327729338 0.202521327729338
0.00451000000000006 0.331767980813103 0.202951916628794 0.202951916628794
0.00451999999999981 0.332508578873246 0.203382382566587 0.203382382566587
0.00452999999999995 0.333249098100087 0.203812721903509 0.203812721903509
0.00453999999999994 0.333989535111523 0.204242931216262 0.204242931216262
0.00454999999999987 0.334729886674787 0.204673007304238 0.204673007304238
0.00456000000000007 0.335470149716225 0.205102947199176 0.205102947199175
0.00456999999999998 0.336210321316678 0.205532748162186 0.205532748162186
0.00458000000000016 0.336950398728393 0.205962407700576 0.205962407700576
0.00458999999999982 0.337690379382661 0.206391923568845 0.206391923568845
0.00459999999999995 0.3384302609138 0.206821293771139 0.206821293771139
0.00461000000000021 0.339170041088005 0.207250516565703 0.207250516565703
0.00461999999999984 0.339909717848916 0.207679590467734 0.207679590467734
0.00463000000000024 0.340649289315802 0.208108514251063 0.208108514251063
0.00463999999999978 0.341388753786584 0.2085372869512 0.2085372869512
0.00465000000000008 0.342128109736737 0.208965907868675 0.208965907868675
0.00466000000000017 0.342867355816146 0.209394376561714 0.209394376561714
0.00467000000000013 0.34360649085036 0.209822692851541 0.209822692851541
0.00468000000000009 0.344345513839917 0.210250856817378 0.210250856817378
0.00468999999999991 0.345084423962037 0.21067886879885 0.21067886879885
0.00470000000000015 0.345823220562908 0.211106729392323 0.211106729392323
0.00471000000000002 0.346561903157563 0.211534439448876 0.211534439448876
0.00472000000000031 0.347300471428001 0.21196200006819 0.21196200006819
0.00472999999999978 0.348038925220986 0.212389412595713 0.212389412595712
0.00474000000000008 0.348777264544147 0.212816678619598 0.212816678619598
0.00474999999999978 0.349515489567751 0.213243799964996 0.213243799964996
0.00475999999999987 0.350253600615985 0.213670778680199 0.213670778680199
0.00477 0.35099159816559 0.214097617040412 0.214097617040412
0.00477999999999985 0.351729482840587 0.2145243175353 0.214524317535299
0.00478999999999973 0.352467255412778 0.214950882863887 0.214950882863887
0.00479999999999975 0.353204916794317 0.215377315925245 0.215377315925245
0.00481000000000024 0.353942468038854 0.215803619812331 0.215803619812331
0.00482000000000019 0.354679910337952 0.216229797801846 0.216229797801846
0.00483000000000016 0.355417245015544 0.216655853343109 0.216655853343109
0.00484000000000002 0.356154473513881 0.217081790043717 0.217081790043717
0.00484999999999967 0.356891597405376 0.217507611667103 0.217507611667103
0.00486000000000009 0.35762861838997 0.217933322123702 0.217933322123702
0.00486999999999983 0.358365538287512 0.218358925458961 0.218358925458961
0.00488000000000012 0.359102359026843 0.218784425836445 0.218784425836444
0.00488999999999972 0.359839082651801 0.219209827531615 0.219209827531615
0.00490000000000029 0.360575711313795 0.219635134918312 0.219635134918312
0.00490999999999972 0.36131224727606 0.220060352464578 0.220060352464578
0.00492000000000011 0.362048692896066 0.220485484708542 0.220485484708542
0.00493000000000002 0.362785050628003 0.220910536253353 0.220910536253353
0.00493999999999999 0.363521323018226 0.221335511754061 0.221335511754061
0.0049499999999999 0.364257512703053 0.221760415904597 0.221760415904597
0.00496000000000009 0.364993622402045 0.222185253430706 0.222185253430706
0.00496999999999977 0.36572965491287 0.222610029075058 0.222610029075058
0.00497999999999993 0.366465613073987 0.22303474758218 0.22303474758218
0.00498999999999979 0.367201499880837 0.22345941369009 0.22345941369009
0.00500000000000012 0.367937317713541 0.223884031486375 0.223884031486374
