# Fix print output for fix extra
4143.075124 57.10648 0.145473919529348 1.21768509983577e-06 0 0 0
4143.075124 57.10648 0.14547391937503 1.21783941792186e-06 0 0.001 4.92596864330554e-15
4143.22386039695 57.10648 0.00624702311959812 0.13922811409485 3.5899355610511e-05 0.001 4.92596864330554e-15
4143.22386039695 57.10648 0.00624702278933797 0.13922811442511 3.5899355610511e-05 0.002 5.785429414979e-15
4143.37591671263 57.10648 0.00666594512634922 0.138809192088099 7.25986821819621e-05 0.002 5.785429414979e-15
4143.37591671263 57.10648 0.00666594461346308 0.138809192600985 7.25986821819621e-05 0.003 9.07539234150418e-15
4143.52839294636 57.10648 0.00670791573474209 0.138767221479706 0.000109398005078653 0.003 9.07539234150418e-15
4143.52839294636 57.10648 0.00670791490302822 0.13876722231142 0.000109398005078653 0.004 1.39398787597392e-14
4143.68128914406 57.10648 0.00673903392671762 0.13873610328773 0.000146297324290598 0.004 1.39398787597392e-14
4143.68128914406 57.10648 0.00673903276723541 0.138736104447213 0.000146297324290598 0.005 2.15558209366001e-14
4143.83460535176 57.10648 0.00677903956799769 0.13869609764645 0.000183296639807194 0.005 2.15558209366001e-14
4143.83460535176 57.10648 0.00677903818839579 0.138696099026052 0.000183296639807194 0.006 2.13794069645469e-14
4143.98917038254 57.10648 0.00693601513034892 0.138539122084099 0.000220595944179593 0.006 2.13794069645469e-14
4143.98917038254 57.10648 0.00693601366843094 0.138539123546017 0.000220595944179593 0.007 2.43042734837989e-14
4144.14332677968 57.10648 0.00686014984918403 0.138614987365264 0.000257795252276751 0.007 2.43042734837989e-14
4144.14332677968 57.10648 0.00686014828891142 0.138614988925537 0.000257795252276751 0.008 2.41139560518206e-14
4144.29873215443 57.10648 0.00700933667102616 0.138465800543422 0.000295294549169247 0.008 2.41139560518206e-14
4144.29873215443 57.10648 0.00700933501747475 0.138465802196973 0.000295294549169247 0.009 2.41540417576995e-14
4144.45455778676 57.10648 0.0070585016236561 0.138416635590792 0.000332893842307091 0.009 2.41540417576995e-14
4144.45455778676 57.10648 0.00705849987487046 0.138416637339578 0.000332893842307091 0.01 2.79305553944515e-14
4144.60997483268 57.10648 0.00697042417897103 0.138504713035477 0.000370393139199644 0.01 2.79305553944515e-14
4144.60997483268 57.10648 0.00697042234082084 0.138504714873627 0.000370393139199644 0.011 2.78822800691163e-14
4144.76705555073 57.10648 0.0071839519913483 0.1382911852231 0.000408292421012964 0.011 2.78822800691163e-14
4144.76705555073 57.10648 0.00718395006772618 0.138291187146722 0.000408292421012964 0.012 3.14424617922532e-14
4144.92331326872 57.10648 0.00705176891266619 0.138423368301782 0.000445991710385692 0.012 3.14424617922532e-14
4144.92331326872 57.10648 0.00705176689652408 0.138423370317924 0.000445991710385692 0.013 3.13182910684723e-14
4145.08206383162 57.10648 0.00732949071258388 0.138145646501864 0.00048429097695925 0.013 3.13182910684723e-14
4145.08206383162 57.10648 0.00732948860241518 0.138145648612033 0.00048429097695925 0.014 3.13686369151827e-14
4145.23999145825 57.10648 0.00724574769252325 0.138229389521925 0.000522390251172825 0.014 3.13686369151827e-14
4145.23999145825 57.10648 0.00724574549239588 0.138229391722052 0.000522390251172825 0.015 3.70485271416128e-14
4145.39751057793 57.10648 0.00716248505302919 0.138312652161419 0.000560389529191209 0.015 3.70485271416128e-14
4145.39751057793 57.10648 0.00716248272755542 0.138312654486893 0.000560389529191209 0.016 3.9155485074777e-14
4145.55586476283 57.10648 0.00725388315711823 0.13822125405733 0.000598588799589461 0.016 3.9155485074777e-14
4145.55586476283 57.10648 0.00725388068531107 0.138221256529137 0.000598588799589461 0.017 4.68694434517226e-14
4145.71422499686 57.10648 0.00723192380939133 0.138243213405057 0.000636788069988259 0.017 4.68694434517226e-14
4145.71422499686 57.10648 0.00723192112890421 0.138243216085544 0.000636788069988259 0.018 5.87285031494467e-14
4145.87300585168 57.10648 0.00726030605699386 0.138214831157454 0.000675087336561839 0.018 5.87285031494467e-14
4145.87300585168 57.10648 0.00726030307113322 0.138214834143315 0.000675087336561839 0.019 7.19471337153566e-14
4146.03220737511 57.10648 0.00730325177527562 0.138171885439172 0.000713486599300989 0.019 7.19471337153566e-14
4146.03220737511 57.10648 0.0073032484559342 0.138171888758514 0.000713486599300989 0.02 8.84698138888059e-14
4146.19182961509 57.10648 0.00733348772846496 0.138141649485983 0.00075198585819513 0.02 8.84698138888059e-14
4146.19182961509 57.10648 0.00733348418890691 0.138141653025541 0.00075198585819513 0.021 8.82265571853232e-14
4146.35270185808 57.10648 0.00751047734152135 0.137964659872927 0.000790785105494855 0.021 8.82265571853232e-14
4146.35270185808 57.10648 0.00751047370802749 0.137964663506421 0.000790785105494855 0.022 9.82563713075199e-14
4146.51316570764 57.10648 0.00742471341702222 0.138050423797426 0.000829484356669256 0.022 9.82563713075199e-14
4146.51316570764 57.10648 0.00742470968250368 0.138050427531944 0.000829484356669256 0.023 9.81084516955745e-14
4146.67487972111 57.10648 0.0075853067594036 0.137889830455044 0.00086848359618892 0.023 9.81084516955745e-14
4146.67487972111 57.10648 0.00758530293191296 0.137889834282535 0.00086848359618892 0.024 1.09910552357427e-13
4146.83618537393 57.10648 0.00750133366825445 0.137973803546194 0.000907382839603773 0.024 1.09910552357427e-13
4146.83618537393 57.10648 0.00750132967847988 0.137973807535968 0.000907382839603773 0.025 1.27611975838229e-13
4146.99791198516 57.10648 0.00753183886069187 0.137943298353756 0.000946382079123715 0.025 1.27611975838229e-13
4146.99791198516 57.10648 0.00753183458741336 0.137943302627035 0.000946382079123715 0.026 1.48956539265474e-13
4147.16005960352 57.10648 0.00756946214180057 0.137905675072647 0.000985481314738259 0.026 1.48956539265474e-13
4147.16005960352 57.10648 0.0075694575415041 0.137905679672944 0.000985481314738259 0.027 1.72273540856913e-13
4147.32262827785 57.10648 0.00760845518441693 0.137866682030031 0.00102468054643817 0.027 1.72273540856913e-13
4147.32262827785 57.10648 0.00760845022732297 0.137866686987125 0.00102468054643817 0.028 1.98646471131839e-13
4147.48561805714 57.10648 0.00764533349982387 0.137829803714624 0.00106397977421346 0.028 1.98646471131839e-13
4147.48561805714 57.10648 0.00764532817442691 0.137829809040021 0.00106397977421346 0.029 2.26544842196973e-13
4147.64902899049 57.10648 0.00768632657710237 0.137788810637346 0.0011033789980534 0.029 2.26544842196973e-13
4147.64902899049 57.10648 0.00768632100731373 0.137788816207134 0.0011033789980534 0.03 2.32373643331969e-13
4147.81327589204 57.10648 0.0077991932679995 0.137675943946448 0.00114297821399414 0.03 2.32373643331969e-13
4147.81327589204 57.10648 0.00779918756586313 0.137675949648585 0.00114297821399414 0.031 2.37157425432102e-13
4147.97794407909 57.10648 0.00783605531758041 0.137639081896868 0.0011826774259702 0.031 2.37157425432102e-13
4147.97794407909 57.10648 0.00783604948253916 0.137639087731909 0.0011826774259702 0.032 2.41601900178806e-13
4148.14303360127 57.10648 0.00787379163421941 0.137601345580229 0.00122247663397092 0.032 2.41601900178806e-13
4148.14303360127 57.10648 0.00787378565689493 0.137601351557553 0.00122247663397092 0.033 2.62364045155113e-13
4148.30812969401 57.10648 0.0078546268929581 0.13762051032149 0.00126227584197207 0.033 2.62364045155113e-13
4148.30812969401 57.10648 0.00785462080311472 0.137620516411333 0.00126227584197207 0.034 2.61840343908306e-13
4148.47447685001 57.10648 0.00801838802494048 0.137456749189508 0.00130237503798896 0.034 2.61840343908306e-13
4148.47447685001 57.10648 0.00801838182592074 0.137456755388527 0.00130237503798896 0.035 2.63999639227145e-13
4148.64083067653 57.10648 0.00800836184748295 0.137466775366965 0.00134247423400559 0.035 2.63999639227145e-13
4148.64083067653 57.10648 0.00800835553535885 0.137466781679089 0.00134247423400559 0.036 2.887178442965e-13
4148.80719117384 57.10648 0.00796167734040171 0.137513459874046 0.00138257343002223 0.036 2.887178442965e-13
4148.80719117384 57.10648 0.00796167083421453 0.137513466380233 0.00138257343002223 0.037 3.20307931882763e-13
4148.97397322293 57.10648 0.00799830645600021 0.137476830758448 0.00142277262202406 0.037 3.20307931882764e-13
4148.97397322293 57.10648 0.00799829973253556 0.137476837481912 0.00142277262202406 0.038 3.29197280624507e-13
4149.14159177145 57.10648 0.00810881383989214 0.137366323374556 0.00146317180596629 0.038 3.29197280624507e-13
4149.14159177145 57.10648 0.00810880695741123 0.137366330257037 0.00146317180596629 0.039 3.55207437413884e-13
4149.30921709175 57.10648 0.00808949407964009 0.137385643134808 0.00150357098990833 0.039 3.55207437413884e-13
4149.30921709175 57.10648 0.00808948697197636 0.137385650242472 0.00150357098990833 0.04 3.88541031304968e-13
4149.47726411505 57.10648 0.00811738578373266 0.137357751430715 0.00154407016980566 0.04 3.88541031304968e-13
4149.47726411505 57.10648 0.00811737848653089 0.137357758727917 0.00154407016980566 0.041 3.87835985470969e-13
4149.64697773515 57.10648 0.00835965813846005 0.137115479075988 0.00158496933342352 0.041 3.87835985470969e-13
4149.64697773515 57.10648 0.00835965073260042 0.137115486481848 0.00158496933342352 0.042 4.06646072330036e-13
4149.81586836714 57.10648 0.0082144856226295 0.137260651591818 0.00162566850520102 0.042 4.06646072330036e-13
4149.81586836714 57.10648 0.00821447806499135 0.137260659149457 0.00162566850520102 0.043 4.40241394308986e-13
4149.98518085457 57.10648 0.0082355192369743 0.137239617977474 0.00166646767290403 0.043 4.40241394308986e-13
4149.98518085457 57.10648 0.008235511419147 0.137239625795301 0.00166646767290403 0.044 4.80747257914807e-13
4150.15491524847 57.10648 0.00827797533885697 0.137197161875591 0.00170736683652195 0.044 4.80747257914807e-13
4150.15491524847 57.10648 0.00827796728440782 0.13719716993004 0.00170736683652195 0.045 4.92556453565403e-13
4150.32548661549 57.10648 0.00839477110672653 0.137080366107721 0.00174846599193999 0.045 4.92556453565403e-13
4150.32548661549 57.10648 0.0083947629011502 0.137080374313298 0.00174846599193999 0.046 5.0168100584161e-13
4150.49648002554 57.10648 0.00843702034254546 0.137038116871903 0.00178966514324341 0.046 5.0168100584161e-13
4150.49648002554 57.10648 0.00843701199343209 0.137038125221016 0.00178966514324341 0.047 5.38256884099556e-13
4150.66748048051 57.10648 0.00840379674679981 0.137071340467648 0.00183086429454679 0.047 5.38256884099556e-13
4150.66748048051 57.10648 0.00840378824181159 0.137071348972636 0.00183086429454679 0.048 5.49996511331936e-13
4150.83931811421 57.10648 0.00851532965650685 0.136959807557941 0.00187226343759037 0.048 5.49996511331936e-13
4150.83931811421 57.10648 0.00851532098031137 0.136959816234137 0.00187226343759037 0.049 5.85051801705137e-13
4151.01116286198 57.10648 0.00849357921814932 0.136981557996299 0.00191366258063418 0.049 5.85051801705137e-13
4151.01116286198 57.10648 0.00849357039255844 0.13698156682189 0.00191366258063418 0.05 5.84024718333801e-13
4151.18467512858 57.10648 0.00872914421981019 0.136745992994638 0.00195546170703829 0.05 5.84024718333801e-13
4151.18467512858 57.10648 0.00872913530351513 0.136746001910933 0.00195546170703829 0.051 6.09030382431476e-13
4151.35736441107 57.10648 0.00857761207791622 0.136897525136532 0.00199706084178223 0.051 6.09030382431477e-13
4151.35736441107 57.10648 0.00857760302100247 0.136897534193446 0.00199706084178223 0.052 6.20248682583579e-13
4151.5308911489 57.10648 0.0086790561642649 0.136796081050183 0.00203885996818631 0.052 6.20248682583579e-13
4151.5308911489 57.10648 0.00867904694624438 0.136796090268204 0.00203885996818631 0.053 6.59263485067442e-13
4151.70442514015 57.10648 0.00865050539272282 0.136824631821725 0.00208065909459067 0.053 6.59263485067442e-13
4151.70442514015 57.10648 0.00865049604003325 0.136824641174415 0.00208065909459067 0.054 6.58792076742609e-13
