1.411228991377311896e-14
2.826651784433488972e-14
4.241892056819080837e-14
5.656857863480030472e-14
7.071456055094303917e-14
8.485596643098692145e-14
9.899183491337707154e-14
1.130897180971153544e-13
1.265823517515499946e-13
1.417920576905661825e-13
1.576184615016298157e-13
1.694772266358614543e-13
1.829613473739655842e-13
1.976942454892007188e-13
2.117695069723360587e-13
2.258146705923954668e-13
2.398451699152153822e-13
2.538600871568468600e-13
2.678585299739063304e-13
2.818394845146989045e-13
