# Fix print output for fix def1
2.22044604925031e-16 9.79485774315405e-12 9.79503168492475e-12 9.79471580880627e-12
9.99999999990298e-06 9.79421079273843e-12 9.79439607785275e-12 9.79438762351241e-12
2.00000000001465e-05 0.00243361314417525 0.0014500578568024 0.00145005785680225
2.99999999999526e-05 0.00486731281926518 0.00290008102050008 0.00290008102049983
4.00000000000976e-05 0.00730109903279614 0.00435006950075053 0.00435006950075077
5.00000000002475e-05 0.00973497178263005 0.00580002329749896 0.0058000232974983
6.00000000002906e-05 0.0121689310665012 0.00724994241061207 0.00724994241061178
6.9999999999893e-05 0.0146029768822108 0.00869982683999695 0.00869982683999664
8.00000000002748e-05 0.017037109227491 0.0101496765855193 0.0101496765855187
9.00000000002142e-05 0.0194713281003859 0.0115994916472298 0.0115994916472288
0.000100000000000043 0.0219056334975886 0.0130492720247648 0.0130492720247634
0.000110000000000316 0.024340025421416 0.0144990177186193 0.0144990177186188
0.000120000000000255 0.0267745038762956 0.0159487287294625 0.0159487287294635
0.000130000000000192 0.029209068859848 0.0173984050570947 0.0173984050570961
0.000140000000000236 0.0316437203699294 0.0188480467014552 0.0188480467014572
0.000150000000000055 0.0340784584043972 0.0202976536624849 0.0202976536624859
0.00015999999999998 0.0365132829609941 0.021747225940056 0.0217472259400556
0.000170000000000121 0.0389481940375745 0.0231967635341045 0.0231967635341055
0.000180000000000145 0.0413831916319403 0.0246462664445421 0.0246462664445426
0.00019000000000016 0.043818275741826 0.0260957346712332 0.0260957346712325
0.000200000000000056 0.0462534463650976 0.0275451682141242 0.0275451682141234
0.000210000000000165 0.0486887034994889 0.0289945670730824 0.0289945670730834
0.000220000000000151 0.0511240471428573 0.03044393124805 0.0304439312480483
0.000230000000000126 0.0535594772212232 0.0318932606672038 0.0318932606672038
0.000240000000000199 0.0559949937640513 0.0333425553620865 0.0333425553620859
0.000250000000000258 0.0584305967984758 0.034791815379906 0.034791815379907
0.000260000000000192 0.060866286309492 0.0362410407205727 0.0362410407205727
0.000270000000000331 0.0633020623296447 0.0376902313839603 0.0376902313839604
0.000279999999999899 0.0657379248567894 0.0391393873700043 0.039139387370005
0.000290000000000115 0.0681738738886141 0.0405885086785462 0.0405885086785459
0.0003000000000002 0.0706099094231565 0.0420375953096331 0.042037595309631
0.000310000000000043 0.0730460314580449 0.0434866472630684 0.0434866472630666
0.000319999999999976 0.075482239991132 0.0449356645387874 0.0449356645387874
0.000330000000000331 0.0779185350201698 0.046384647136671 0.0463846471366697
0.000340000000000329 0.0803549165431308 0.0478335950567244 0.0478335950567248
0.000350000000000302 0.0827913845561255 0.0492825082979883 0.0492825082979882
0.000359999999999917 0.0852279390292225 0.0507313868465235 0.0507313868465241
0.00037000000000017 0.0876645799494927 0.0521802306968728 0.0521802306968735
0.000380000000000285 0.090101307314921 0.0536290398490504 0.0536290398490507
0.000390000000000148 0.0925381211239278 0.0550778143029481 0.0550778143029473
0.000400000000000313 0.0949750213850605 0.0565265540596601 0.0565265540596607
0.000410000000000225 0.0974120080996853 0.0579752591195848 0.057975259119585
0.000419999999999993 0.0998490812653552 0.0594239294824823 0.059423929482482
0.000429999999999949 0.102286240879999 0.0608725651483345 0.0608725651483346
0.000439999999999981 0.104723486941472 0.0623211661170826 0.0623211661170825
0.000449999999999976 0.107160819447521 0.0637697323886038 0.0637697323886024
0.000460000000000044 0.109598238395945 0.065218263962802 0.0652182639628009
0.000470000000000295 0.112035743784546 0.0666667608395855 0.0666667608395862
0.000479999999999951 0.114473335611189 0.068115223018903 0.068115223018903
0.000490000000000231 0.11691101387349 0.0695636505005495 0.0695636505005498
0.000500000000000135 0.119348778569558 0.071012043284617 0.0710120432846167
0.000509999999999995 0.121786629696892 0.0724604013708335 0.0724604013708329
0.000520000000000143 0.124224567253415 0.0739087247591797 0.0739087247591797
0.000530000000000244 0.12666259123705 0.0753570134496369 0.0753570134496369
0.000539999999999963 0.129100701645419 0.0768052674420047 0.0768052674420051
0.000550000000000078 0.131538898476385 0.0782534867362292 0.0782534867362293
0.00056000000000003 0.133977181727811 0.0797016713322543 0.0797016713322536
0.00056999999999993 0.136415551397441 0.0811498212299537 0.081149821229953
0.000580000000000332 0.138854007483076 0.0825979364292365 0.0825979364292359
0.000590000000000013 0.141292549982642 0.0840460169300845 0.0840460169300848
0.000600000000000192 0.143731179155174 0.0854940629937291 0.0854940629937289
0.000610000000000314 0.14616989577699 0.0869420753984762 0.0869420753984763
0.000620000000000044 0.148608698924851 0.0883900532232643 0.0883900532232641
0.000629999999999935 0.151047588596546 0.0898379964679893 0.089837996467989
0.000640000000000098 0.153486564806791 0.091285905132553 0.0912859051325527
0.000650000000000197 0.155925627762474 0.0927337792169252 0.0927337792169256
0.000659999999999898 0.158364777451169 0.094181618720933 0.0941816187209325
0.000669999999999977 0.160804013870609 0.0956294236444396 0.0956294236444396
0.000680000000000321 0.163243337018782 0.0970771939874522 0.0970771939874522
0.000690000000000152 0.16568274690121 0.0985249297507022 0.0985249297507013
0.000700000000000246 0.168122243518596 0.09997263093435 0.09997263093435
0.000710000000000267 0.170561826868913 0.101420297538404 0.101420297538404
0.000720000000000104 0.173001496949833 0.102867929562693 0.102867929562694
0.000730000000000309 0.175441253759149 0.104315527007114 0.104315527007115
0.000740000000000327 0.177881097294772 0.105763089871641 0.105763089871642
0.000750000000000044 0.180321027554377 0.107210618156102 0.107210618156103
0.000760000000000237 0.182761044535752 0.108658111860395 0.108658111860396
0.000769999999999904 0.185201148236812 0.110105570984494 0.110105570984494
0.000780000000000043 0.187641338655168 0.111552995528187 0.111552995528188
0.00079000000000032 0.190081615788796 0.113000385491487 0.113000385491487
0.000799999999999956 0.192521979635472 0.114447740874221 0.114447740874221
0.000809999999999948 0.194962430192679 0.115895061675801 0.115895061675801
0.000820000000000184 0.197402967458561 0.117342347896823 0.117342347896822
0.000830000000000107 0.199843591430916 0.118789599537191 0.118789599537191
0.000840000000000271 0.202284302107408 0.12023681659673 0.120236816596729
0.000850000000000118 0.204725099485898 0.121683999075378 0.121683999075377
0.000859999999999981 0.207165983564117 0.123131146973001 0.123131146973002
0.000869999999999968 0.209606954339976 0.124578260289569 0.12457826028957
0.000880000000000189 0.212048011811151 0.126025339024914 0.126025339024912
0.000890000000000309 0.214489155975617 0.127472383179041 0.127472383179041
0.000900000000000216 0.216930386830988 0.128919392751747 0.128919392751746
0.000910000000000241 0.219371704413539 0.130366367762266 0.130366367762266
0.000920000000000049 0.221813108627573 0.131813308164183 0.131813308164183
0.000930000000000193 0.224254599458768 0.133260213951359 0.133260213951361
0.000939999999999895 0.226696176905039 0.134707085123772 0.134707085123773
0.000950000000000152 0.229137840964055 0.13615392168125 0.136153921681251
0.000959999999999963 0.231579591633791 0.137600723623802 0.137600723623802
0.000970000000000326 0.234021428915241 0.139047490951595 0.139047490951596
0.000980000000000017 0.236463352816399 0.140494223665755 0.140494223665755
0.000990000000000256 0.238905363335085 0.141940921766037 0.141940921766037
0.00100000000000026 0.241347460469457 0.14338758525256 0.143387585252561
0.00100999999999993 0.243789644217067 0.144834214125086 0.144834214125087
0.00102000000000025 0.246231914575704 0.146280808383515 0.146280808383514
0.00103000000000022 0.248674271543404 0.147727368027891 0.147727368027891
0.00104000000000017 0.251116715135732 0.149173893057976 0.149173893057976
0.00105000000000022 0.253559245372442 0.150620383473705 0.150620383473704
0.00106000000000025 0.256001862251441 0.152066839275018 0.152066839275018
0.00107000000000015 0.258444565770462 0.153513260461784 0.153513260461784
0.00108000000000002 0.260887355927294 0.154959647033902 0.154959647033902
0.00108999999999998 0.263330232719791 0.156405998991313 0.156405998991313
0.00110000000000013 0.265773196145687 0.157852316333886 0.157852316333886
0.00110999999999992 0.26821624620283 0.159298599061551 0.159298599061551
0.00112000000000012 0.270659382888956 0.160744847174185 0.160744847174185
0.00112999999999996 0.273102606201915 0.162191060671722 0.162191060671721
0.00113999999999998 0.275545916139441 0.163637239554029 0.163637239554028
0.00115000000000008 0.277989312699387 0.165083383821044 0.165083383821044
0.00116000000000014 0.280432795879548 0.166529493472674 0.166529493472675
0.00117000000000005 0.282876365677652 0.167975568508784 0.167975568508785
0.00117999999999992 0.285320022091555 0.169421608929314 0.169421608929314
0.00119000000000029 0.287763765118989 0.170867614734131 0.170867614734131
0.00119999999999996 0.290207594757867 0.172313585923206 0.172313585923206
0.00121000000000013 0.292651511005802 0.173759522496343 0.173759522496342
0.00122000000000002 0.295095513403161 0.175205423995963 0.175205423995962
0.0012300000000002 0.297539602371385 0.176651290845648 0.176651290845648
0.00124000000000032 0.29998377803114 0.178097123168141 0.178097123168141
0.00125000000000028 0.302428040380269 0.179542920963371 0.179542920963371
0.00126000000000017 0.304872389422218 0.180988684231772 0.180988684231773
0.0012699999999999 0.307316825161521 0.182434412974049 0.182434412974049
0.00128000000000022 0.309761347595071 0.183880107189999 0.18388010719
0.00128999999999993 0.312205956720715 0.185325766879553 0.185325766879552
0.00130000000000002 0.314650652536053 0.186771392042497 0.186771392042496
0.00131000000000014 0.317095435039122 0.188216982678874 0.188216982678873
0.00131999999999998 0.31954030422752 0.189662538788472 0.189662538788472
0.00133000000000029 0.3219852600991 0.191108060371223 0.191108060371223
0.00134000000000031 0.324430302651708 0.192553547427061 0.192553547427061
0.00134999999999992 0.326875431883006 0.193998999955808 0.193998999955808
0.00136000000000011 0.329320647790785 0.195444417957364 0.195444417957362
0.00137000000000011 0.331765950373015 0.196889801431729 0.196889801431729
0.00138000000000002 0.334211339627299 0.198335150378697 0.198335150378697
0.00138999999999996 0.336656815551485 0.199780464798197 0.199780464798197
0.00140000000000004 0.339102378143422 0.201225744690163 0.201225744690163
0.00140999999999991 0.341548027400838 0.202670990054458 0.202670990054458
0.00142000000000013 0.343993763321458 0.20411620089094 0.204116200890941
0.00143000000000015 0.346439585926091 0.205561377199616 0.205561377199617
0.00144000000000029 0.3488854953841 0.207006518980312 0.207006518980312
0.00145000000000023 0.35133149171073 0.208451626232926 0.208451626232925
0.00146000000000006 0.353777574866543 0.209896698938795 0.209896698938795
0.00146999999999989 0.356223744830257 0.211341737088313 0.211341737088313
0.00148000000000029 0.358670001635893 0.212786740699444 0.212786740699445
0.00149000000000025 0.361116345281361 0.214231709772158 0.214231709772159
0.00150000000000031 0.363562775764322 0.215676644306281 0.215676644306281
0.00150999999999993 0.366009293082564 0.217121544301709 0.217121544301708
0.0015200000000001 0.368455897233813 0.218566409758305 0.218566409758305
0.00153000000000027 0.370902588216038 0.220011240676077 0.220011240676077
0.00154000000000031 0.373349366026965 0.221456037054886 0.221456037054886
0.00155000000000012 0.375796230665852 0.222900798894763 0.222900798894763
0.00156000000000025 0.378243182143776 0.224345526197083 0.224345526197082
0.00157000000000015 0.380690220459683 0.225790218961895 0.225790218961896
0.00157999999999991 0.383137345611302 0.227234877189068 0.227234877189068
0.00159000000000031 0.385584557610512 0.22867950089252 0.22867950089252
0.00159999999999992 0.388031856433195 0.230124090050289 0.230124090050289
0.00160999999999995 0.390479242075562 0.231568644660801 0.2315686446608
0.00162000000000028 0.392926714535641 0.233013164724098 0.233013164724098
0.00163000000000013 0.395374273811219 0.234457650240077 0.234457650240077
0.00164000000000029 0.397821919899907 0.235902101208536 0.235902101208535
0.00165000000000019 0.400269652799667 0.237346517629473 0.237346517629473
0.00165999999999994 0.402717472508169 0.238790899502722 0.238790899502722
0.00167000000000009 0.405165379023199 0.240235246828179 0.24023524682818
0.00168000000000032 0.407613372342727 0.24167955960585 0.24167955960585
0.00169000000000005 0.41006145246436 0.24312383783553 0.24312383783553
0.00170000000000029 0.412509619385882 0.244568081517115 0.244568081517115
0.00171000000000004 0.414957873105208 0.246012290650579 0.246012290650579
0.00172000000000028 0.417406213620001 0.247456465235747 0.247456465235748
0.00173000000000026 0.419854640928169 0.248900605272592 0.248900605272593
0.00174000000000028 0.422303155027384 0.250344710760943 0.250344710760943
0.00175000000000025 0.42475175591555 0.251788781700769 0.251788781700769
0.00176000000000026 0.427200443590338 0.253232818091899 0.253232818091899
0.00177000000000021 0.429649218049656 0.254676819934304 0.254676819934304
0.0017800000000002 0.43209807929117 0.256120787227813 0.256120787227813
0.0017899999999999 0.434547027312796 0.2575647199724 0.2575647199724
0.0018000000000003 0.436996062112195 0.259008618167888 0.259008618167889
0.00181000000000018 0.43944518368734 0.26045248181429 0.26045248181429
0.00182000000000032 0.441894392009134 0.261896310911395 0.261896310911395
0.00183000000000015 0.444343686892234 0.263340105243798 0.263340105243798
0.00184000000000024 0.44679306815855 0.264783864611104 0.264783864611105
0.00185000000000023 0.449242536199562 0.266227589400414 0.266227589400414
0.00186000000000026 0.451692091012964 0.267671279611535 0.267671279611534
0.00186999999999996 0.454141732596676 0.269114935244442 0.269114935244441
0.00187999999999991 0.456591460948359 0.270558556298962 0.270558556298962
0.00188999999999998 0.459041276065934 0.272002142775076 0.272002142775076
0.00190000000000028 0.461491177947191 0.273445694672685 0.273445694672685
0.00191000000000004 0.463941166589922 0.274889211991692 0.274889211991691
0.00192000000000025 0.466391241991799 0.27633269473193 0.27633269473193
0.00193000000000013 0.468841404150793 0.277776142893407 0.277776142893408
0.00194000000000023 0.47129165306452 0.279219556475924 0.279219556475924
0.00195 0.47374198873095 0.280662935479488 0.280662935479488
0.00195999999999998 0.476192411147697 0.282106279903898 0.282106279903897
0.00197000000000007 0.478642920312676 0.28354958974913 0.28354958974913
0.00197999999999992 0.481093516223735 0.284992865015119 0.28499286501512
0.0019900000000001 0.483544198878495 0.286436105701671 0.28643610570167
0.00200000000000026 0.485994968274919 0.287879311808786 0.287879311808786
0.00201000000000029 0.488445824388638 0.289322483325322 0.289322483325323
0.00202000000000007 0.490896767061762 0.290765620173662 0.290765620173663
0.00203000000000017 0.49334779638945 0.292208722402196 0.292208722402196
0.00204000000000001 0.495798912369557 0.293651790010864 0.293651790010865
0.00205000000000016 0.498250114999871 0.295094822999573 0.295094822999573
0.00206000000000006 0.500701404278185 0.296537821368229 0.296537821368229
0.00207000000000025 0.503152780202289 0.297980785116736 0.297980785116737
0.00208000000000018 0.505604242769973 0.299423714245001 0.299423714245001
0.00208999999999996 0.508055791978969 0.300866608752894 0.300866608752894
0.00210000000000014 0.510507427827126 0.302309468640353 0.302309468640353
0.00210999999999993 0.512959150312298 0.303752293907323 0.303752293907323
0.0021199999999999 0.515410959432272 0.305195084553651 0.305195084553652
0.00212999999999993 0.517862855194291 0.306637840580314 0.306637840580315
0.00214000000000013 0.520314837602158 0.308080561987918 0.308080561987918
0.00215000000000015 0.5227669066536 0.309523248776329 0.309523248776328
0.00216000000000011 0.525219062346408 0.310965900945452 0.310965900945452
0.00217000000000012 0.527671304678315 0.312408518495161 0.312408518495161
0.00218000000000028 0.530123633647232 0.31385110142543 0.31385110142543
0.00219000000000027 0.532576049250953 0.315293649736167 0.315293649736166
0.00220000000000017 0.535028551487151 0.316736163427208 0.316736163427207
0.00220999999999989 0.537481140470149 0.318178642498494 0.318178642498493
0.0022200000000002 0.539933816351028 0.31962108694993 0.319621086949929
0.00223000000000031 0.542386579042026 0.321063496781496 0.321063496781495
0.00224000000000012 0.544839428540809 0.322505871993026 0.322505871993026
0.00224999999999995 0.547292364845108 0.323948212584392 0.323948212584392
0.00226000000000013 0.549745387953022 0.325390518555757 0.325390518555757
0.00227000000000032 0.552198497863332 0.326832789908016 0.326832789908016
0.00227999999999997 0.554651694573438 0.328275026640686 0.328275026640685
0.00229000000000008 0.557104978080949 0.329717228753565 0.329717228753565
0.00230000000000031 0.559558348383899 0.331159396246705 0.331159396246705
0.00231000000000031 0.562011805480017 0.332601529119975 0.332601529119975
0.00232000000000021 0.564465349367036 0.334043627373251 0.334043627373251
0.00233000000000033 0.566918980042742 0.335485691006434 0.335485691006434
0.00234000000000011 0.569372697505052 0.336927720019505 0.336927720019505
0.00235000000000032 0.571826501751576 0.338369714412268 0.338369714412268
0.00235999999999997 0.574280392780284 0.33981167418473 0.339811674184731
0.00237000000000004 0.576734370588787 0.341253599336697 0.341253599336698
0.00238000000000021 0.579188435175057 0.342695489868182 0.342695489868182
0.00239000000000014 0.581642586536832 0.344137345779058 0.344137345779058
0.00239999999999993 0.584096824671835 0.345579167069194 0.345579167069194
0.00240999999999991 0.586551149579592 0.34702095373869 0.34702095373869
0.00241999999999998 0.589005561266452 0.34846270578846 0.34846270578846
0.00243000000000023 0.591460059729161 0.349904423218266 0.349904423218266
0.00244000000000033 0.593914644965512 0.351346106028014 0.351346106028014
0.00244999999999995 0.596369318001094 0.352787755245297 0.352787755245297
0.00246000000000008 0.598824077907152 0.354229369943626 0.354229369943625
0.00247000000000017 0.601278924521278 0.355670949962627 0.355670949962627
0.00248000000000031 0.603733857841087 0.357112495302104 0.357112495302104
0.00249000000000018 0.606188877864503 0.358554005962046 0.358554005962046
0.00250000000000032 0.6086439845892 0.359995481942294 0.359995481942295
0.00251000000000018 0.611099178013096 0.361436923242832 0.361436923242833
0.00252000000000009 0.613554458133873 0.362878329863504 0.362878329863505
0.00252999999999994 0.616009824949444 0.364319701804292 0.364319701804293
0.00254000000000027 0.618465278457489 0.365761039065041 0.365761039065041
0.00255000000000008 0.620920818655993 0.367202341645773 0.367202341645773
0.00256000000000014 0.623376445542568 0.368643609546292 0.368643609546292
0.00257000000000013 0.625832159283966 0.370084842850565 0.370084842850565
0.00258000000000014 0.628287959680578 0.371526041460306 0.371526041460306
0.00259000000000029 0.630743846698346 0.37296720535958 0.372967205359581
0.00260000000000002 0.633199820272012 0.374408334548338 0.374408334548339
0.00261000000000031 0.635655880409874 0.375849429026423 0.375849429026423
0.00262000000000018 0.638112027274582 0.377290488793861 0.377290488793862
0.00262999999999995 0.640568260863747 0.378731513850456 0.378731513850457
0.00263999999999995 0.643024581175225 0.38017250419616 0.38017250419616
0.00265000000000028 0.645480988206936 0.381613459830958 0.381613459830959
0.00265999999999994 0.647937481956619 0.383054380754735 0.383054380754736
0.00267000000000016 0.650394062421884 0.384495266967294 0.384495266967295
0.00267999999999993 0.652850729600836 0.385936118468734 0.385936118468734
0.00269000000000024 0.655307483491026 0.387376935258824 0.387376935258824
0.00270000000000032 0.65776432409233 0.388817717337798 0.388817717337798
0.00271000000000005 0.66022125141552 0.390258464706975 0.390258464706976
0.0027200000000002 0.662678265460684 0.39169917736644 0.39169917736644
0.00273000000000021 0.665135366225929 0.393139855316287 0.393139855316287
0.0027400000000002 0.667592553708863 0.394580498556322 0.394580498556322
0.00275000000000004 0.67004982790735 0.396021107086498 0.396021107086498
0.00276000000000007 0.672507188819129 0.397461680906699 0.397461680906699
0.00277000000000018 0.674964636442118 0.39890222001691 0.398902220016909
0.00278000000000024 0.677422170773989 0.400342724416972 0.400342724416972
0.00278999999999992 0.679879791812671 0.40178319410688 0.40178319410688
0.00280000000000022 0.682337499555769 0.403223629086436 0.403223629086436
0.00280999999999991 0.684795294001336 0.404664029355705 0.404664029355705
0.00282000000000022 0.687253175146921 0.40610439491446 0.40610439491446
0.00283000000000013 0.689711142990567 0.407544725762757 0.407544725762757
0.00284000000000019 0.692169197529892 0.408985021900409 0.408985021900409
0.00285000000000008 0.694627338762755 0.410425283327367 0.410425283327368
0.0028599999999999 0.697085566686955 0.411865510043549 0.411865510043548
0.0028700000000002 0.69954388130029 0.413305702048869 0.413305702048869
0.0028800000000002 0.702002282600622 0.414745859343282 0.414745859343282
0.00289 0.70446077058569 0.41618598192667 0.41618598192667
0.00290000000000017 0.70691934525323 0.417626069798913 0.417626069798913
0.00291000000000013 0.709378006601228 0.419066122960037 0.419066122960037
0.00292000000000022 0.711836754627298 0.42050614140985 0.42050614140985
0.00293000000000033 0.714295589329364 0.421946125148342 0.421946125148343
0.00293999999999989 0.716754510751732 0.423386074221667 0.423386074221667
0.00295000000000013 0.719213518889853 0.424825988627478 0.424825988627479
0.00296000000000026 0.721672613707635 0.426265868331897 0.426265868331897
0.00296999999999994 0.724131795202814 0.427705713334802 0.427705713334802
0.00298000000000017 0.72659106337307 0.429145523636042 0.429145523636041
0.00298999999999995 0.729050418230404 0.430585299235684 0.430585299235684
0.00300000000000028 0.731509859876384 0.432025040134335 0.432025040134335
0.00300999999999992 0.733969388300049 0.43346474633217 0.43346474633217
0.0030200000000001 0.736429003499015 0.434904417829001 0.434904417829
0.00303000000000003 0.738888705471266 0.436344054624851 0.436344054624851
0.00304000000000027 0.741348494214476 0.437783656719566 0.437783656719565
0.00305000000000025 0.743808369726508 0.439223224113099 0.439223224113098
0.00306000000000031 0.746268331811597 0.44066275661183 0.440662756611831
0.00307000000000011 0.748728380475213 0.442102254223374 0.442102254223374
0.00307999999999998 0.75118851616595 0.443541717398379 0.44354171739838
0.00309000000000025 0.753648738881709 0.444981146136814 0.444981146136814
0.00310000000000013 0.756109048620202 0.446420540438533 0.446420540438533
0.00310999999999996 0.758569445379148 0.447859900303401 0.4478599003034
0.00312000000000006 0.761029929151713 0.449299225729022 0.449299225729022
0.0031300000000001 0.763490499917948 0.450738516706492 0.450738516706492
0.00313999999999996 0.76595115767378 0.452177773234774 0.452177773234774
0.0031500000000002 0.768411902417047 0.453616995313803 0.453616995313803
0.00316000000000025 0.770872734145587 0.455056182943506 0.455056182943507
0.00317 0.773333652857054 0.45649533612371 0.45649533612371
0.00318000000000023 0.775794658549286 0.457934454854344 0.457934454854343
0.00318999999999993 0.778255751220122 0.459373539135341 0.459373539135341
0.00320000000000009 0.780716930867157 0.46081258896649 0.46081258896649
0.00321000000000015 0.783178197488475 0.462251604347865 0.462251604347865
0.00322000000000023 0.785639551081605 0.463690585279219 0.463690585279219
0.00322999999999999 0.788100991644389 0.465129531760484 0.465129531760483
0.00324000000000019 0.790562519174604 0.466568443791557 0.466568443791557
0.00325000000000007 0.793024133670089 0.468007321372368 0.468007321372368
0.00325999999999994 0.79548583512856 0.469446164502779 0.469446164502778
0.00327000000000013 0.797947623547796 0.470884973182686 0.470884973182686
0.00328000000000031 0.800409498931578 0.472323747412678 0.472323747412678
0.00329000000000015 0.80287146128801 0.473762487193791 0.473762487193791
0.00330000000000019 0.805333510614934 0.475201192525867 0.475201192525868
0.0033100000000001 0.807795646910254 0.476639863408879 0.476639863408879
0.00332000000000019 0.810257870171746 0.478078499842722 0.478078499842722
0.00333000000000015 0.81272018039713 0.479517101827257 0.479517101827258
0.00334000000000007 0.815182577584245 0.480955669362417 0.480955669362416
0.00335000000000006 0.817645061730809 0.482394202448061 0.482394202448061
0.00336000000000023 0.820107632834662 0.483832701084125 0.483832701084125
0.00337000000000024 0.822570290893585 0.485271165270503 0.485271165270503
0.00337999999999998 0.82503303591226 0.486709595007095 0.486709595007094
0.00339000000000021 0.827495868012821 0.488147990293723 0.488147990293723
0.00340000000000017 0.829958787202322 0.489586351130526 0.489586351130526
0.00340999999999994 0.83242179347832 0.491024677517369 0.491024677517369
0.00342000000000031 0.834884886838716 0.492462969454218 0.492462969454219
0.00343000000000028 0.837348067281416 0.493901226941048 0.493901226941048
0.00344000000000017 0.839811334803948 0.495339449977607 0.495339449977607
0.00345000000000009 0.842274689404223 0.496777638563871 0.496777638563871
0.00346000000000014 0.844738131080018 0.498215792699735 0.498215792699735
0.00346999999999999 0.84720165982911 0.499653912385096 0.499653912385097
0.00347999999999997 0.849665275649282 0.501091997619854 0.501091997619855
0.00349000000000019 0.852128978538316 0.502530048403907 0.502530048403906
0.00350000000000029 0.854592768494053 0.50396806473719 0.50396806473719
0.00351000000000019 0.857056645514211 0.505406046619563 0.505406046619563
0.00352000000000019 0.859520609596512 0.506843994050892 0.506843994050892
0.00353000000000019 0.861984660738857 0.508281907031144 0.508281907031143
0.00354000000000028 0.864448798938967 0.509719785560183 0.509719785560184
0.00355000000000015 0.866913024194688 0.511157629637947 0.511157629637947
0.00356000000000032 0.869377336503427 0.51259543926423 0.51259543926423
0.00357000000000026 0.871841735864379 0.514033214439178 0.514033214439177
0.00358000000000005 0.874306222283846 0.515470955163541 0.515470955163542
0.00359000000000026 0.876770795759667 0.516908661437253 0.516908661437253
0.0036000000000001 0.879235456289752 0.518346333260288 0.518346333260288
0.0036099999999999 0.881700203871694 0.519783970632436 0.519783970632435
0.00362000000000021 0.884165038503638 0.521221573553927 0.521221573553926
0.00363000000000003 0.88662996018386 0.522659142025078 0.522659142025078
0.00364000000000012 0.889094968909837 0.524096676045611 0.52409667604561
0.00364999999999994 0.891560064679599 0.525534175615569 0.525534175615569
0.00366000000000025 0.894025247490803 0.526971640734779 0.52697164073478
0.00367000000000027 0.896490517271556 0.528409071368568 0.528409071368568
0.00368000000000011 0.898955872943299 0.529846466475457 0.529846466475456
0.00369000000000031 0.901421315159516 0.531283826673595 0.531283826673595
0.00370000000000033 0.9038868441677 0.532721152212507 0.532721152212507
0.00371000000000026 0.906352459965527 0.534158443092039 0.534158443092039
0.00371999999999999 0.908818162550793 0.535595699312106 0.535595699312106
0.0037300000000003 0.911283951921352 0.537032920872659 0.537032920872659
0.00374000000000017 0.913749828075064 0.538470107773652 0.538470107773652
0.00375000000000016 0.916215791009606 0.539907260014932 0.539907260014932
0.00375999999999993 0.918681840722889 0.541344377596482 0.541344377596481
0.00377000000000026 0.921147977209498 0.542781460518114 0.542781460518114
0.00377999999999992 0.923614200432885 0.544218508779924 0.544218508779924
0.00379000000000012 0.926080510548223 0.545655522381612 0.545655522381612
0.00380000000000008 0.928546907553612 0.547092501323276 0.547092501323276
0.00381000000000014 0.931013391446722 0.548529445604758 0.548529445604758
0.00382000000000017 0.933479962225349 0.549966355225977 0.549966355225977
0.00383000000000007 0.935946619887284 0.551403230186849 0.551403230186849
0.00384000000000015 0.938413364430322 0.552840070487289 0.552840070487289
0.0038500000000003 0.940880195855905 0.554276876127615 0.554276876127615
0.0038600000000002 0.943347114176554 0.55571364710943 0.55571364710943
0.00386999999999993 0.945814119384887 0.557150383431959 0.55715038343196
0.00388000000000005 0.948281211478883 0.558587085095229 0.558587085095229
0.00389000000000023 0.950748390456337 0.560023752099158 0.560023752099157
0.00390000000000013 0.953215656315045 0.56146038444366 0.56146038444366
0.0039100000000003 0.955683009052678 0.562896982128584 0.562896982128585
0.00391999999999995 0.958150448667212 0.56433354515395 0.564333545153949
0.0039300000000003 0.960617975156262 0.565770073519571 0.565770073519571
0.00393999999999991 0.963085588517804 0.56720656722547 0.567206567225469
0.0039500000000002 0.965553288749453 0.56864302627146 0.568643026271459
0.00395999999999997 0.968021075849184 0.570079450657561 0.570079450657561
0.00397000000000019 0.970488949814671 0.571515840383622 0.571515840383622
0.0039800000000001 0.972956910643775 0.572952195449598 0.572952195449598
0.00399000000000001 0.975424958334285 0.574388515855402 0.574388515855401
0.00400000000000026 0.97789309288394 0.575824801600919 0.57582480160092
0.00401000000000006 0.980361314290655 0.577261052686138 0.577261052686138
0.00402000000000019 0.982829622552043 0.578697269110869 0.578697269110868
0.00403000000000008 0.985298017666149 0.580133450875173 0.580133450875172
0.00404000000000029 0.987766499630518 0.581569597978825 0.581569597978825
0.00405000000000026 0.990235068443194 0.583005710421886 0.583005710421886
0.00406000000000031 0.992703724101729 0.584441788204132 0.584441788204131
0.00407000000000033 0.995172466604102 0.585877831325587 0.585877831325587
0.00407999999999998 0.997641295948051 0.587313839786136 0.587313839786136
0.00409000000000025 1.00011021213131 0.588749813585658 0.588749813585658
0.00409999999999993 1.00257921515185 0.590185752724182 0.590185752724182
0.00411000000000022 1.00504830500724 0.591621657201483 0.591621657201482
0.00412000000000012 1.00751748169551 0.593057527017619 0.593057527017619
0.00413000000000018 1.00998674521428 0.594493362172406 0.594493362172405
0.00414000000000029 1.01245609555881 0.595929162665539 0.595929162665538
0.0041500000000001 1.01492553273887 0.597364928498258 0.597364928498257
0.00415999999999996 1.01739505675881 0.598800659671143 0.598800659671143
0.00417000000000017 1.01986466780954 0.600236356184153 0.600236356184153
0.00418000000000019 1.02233436579468 0.601672018037276 0.601672018037275
0.00418999999999989 1.02480415070563 0.60310764523036 0.603107645230361
0.00420000000000006 1.02727402254011 0.60454323776329 0.60454323776329
0.00421000000000012 1.02974398129611 0.605978795636092 0.605978795636093
0.00422000000000019 1.03221402698993 0.607414318857848 0.607414318857848
0.00422999999999993 1.03468415960899 0.608849807423331 0.608849807423331
0.00424000000000033 1.03715437908217 0.610285261298295 0.610285261298296
0.00425000000000016 1.0396246854074 0.611720680482731 0.611720680482732
0.00425999999999998 1.04209507858229 0.613156064976453 0.613156064976453
0.00427000000000011 1.04456555860475 0.614591414779451 0.614591414779452
0.00428000000000022 1.04703612547266 0.616026729891684 0.616026729891684
0.00428999999999997 1.04950677972292 0.617462010852556 0.617462010852556
0.00430000000000012 1.05197752312232 0.618897259430646 0.618897259430646
0.00430999999999991 1.0544483532723 0.620332473229504 0.620332473229504
0.00432000000000009 1.05691927017055 0.621767652248987 0.621767652248987
0.00433000000000033 1.05939027381499 0.623202796489097 0.623202796489097
0.00434000000000007 1.06186136420337 0.624637905949725 0.624637905949725
0.00435000000000008 1.06433254133343 0.626072980630766 0.626072980630766
0.00436000000000025 1.06680380520304 0.627508020532184 0.627508020532185
0.00437000000000002 1.06927515581007 0.628943025653947 0.628943025653947
0.00438000000000016 1.0717465931522 0.630377995995908 0.630377995995908
0.00439000000000032 1.07421811722736 0.631812931558068 0.631812931558067
0.00440000000000018 1.07668972803335 0.633247832340359 0.633247832340359
0.00441000000000006 1.07916142556786 0.634682698342638 0.634682698342638
0.00442000000000028 1.08163320982876 0.636117529564871 0.636117529564871
0.00443000000000029 1.08410508081613 0.637552326007266 0.637552326007267
0.00443999999999997 1.08657703853345 0.638987087670349 0.638987087670349
0.00445000000000009 1.08904908297882 0.640421814554082 0.640421814554082
0.0044600000000001 1.0915212141501 0.64185650665843 0.64185650665843
0.00447000000000009 1.09399343204506 0.643291163983288 0.643291163983288
0.00447999999999996 1.09646573666154 0.644725786528622 0.644725786528622
0.00449000000000002 1.09893812799731 0.646160374294324 0.646160374294324
0.00449999999999995 1.10141060605022 0.647594927280364 0.647594927280364
0.00451000000000029 1.10388317081802 0.64902944548663 0.64902944548663
0.00452000000000003 1.10635582229865 0.650463928913127 0.650463928913127
0.00453000000000017 1.10882856048972 0.651898377559681 0.65189837755968
0.00453999999999994 1.11130138538924 0.653332791426325 0.653332791426326
0.00455000000000031 1.11377429699482 0.654767170512886 0.654767170512886
0.00456000000000007 1.11624729533073 0.656201514819433 0.656201514819433
0.00456999999999998 1.11872038054285 0.657635824345755 0.657635824345755
0.00458000000000016 1.12119355263495 0.659070099091855 0.659070099091855
0.00459000000000026 1.12366681160489 0.660504339057697 0.660504339057697
0.00460000000000017 1.12614015745041 0.661938544243175 0.661938544243176
0.00461000000000021 1.12861359016927 0.663372714648188 0.663372714648188
0.00462000000000006 1.13108710975933 0.664806850272697 0.664806850272697
0.00463000000000002 1.13356071621839 0.666240951116636 0.666240951116636
0.00464 1.13603440954425 0.667675017179933 0.667675017179934
0.0046500000000003 1.1385081897348 0.669109048462559 0.669109048462558
0.00465999999999995 1.14098205678776 0.670543044964405 0.670543044964405
0.00467000000000013 1.14345601070089 0.671977006685368 0.671977006685368
0.00468000000000031 1.14593005147211 0.673410933625448 0.673410933625449
0.00469000000000013 1.14840417909923 0.674844825784579 0.67484482578458
0.00470000000000015 1.15087839357993 0.676278683162621 0.676278683162621
0.00471000000000002 1.15335269491214 0.677712505759573 0.677712505759574
0.00472000000000031 1.15582708310821 0.679146293576942 0.679146293576941
0.00473000000000022 1.1583015581678 0.68058004661489 0.680580046614891
0.0047400000000003 1.16077612008852 0.682013764873297 0.682013764873296
0.00475000000000001 1.16325076886823 0.683447448352132 0.683447448352132
0.00476000000000009 1.16572550450461 0.684881097051251 0.684881097051251
0.00477000000000022 1.16820032699499 0.686314710970365 0.686314710970365
0.00478000000000029 1.17067523631074 0.687748290096307 0.687748290096307
0.00479000000000017 1.17315023243621 0.689181834422341 0.689181834422341
0.00479999999999997 1.17562531536912 0.690615343948359 0.690615343948359
0.00481000000000001 1.17810048510736 0.692048818674332 0.692048818674332
0.00481999999999997 1.18057574164871 0.693482258600191 0.693482258600191
0.00483000000000016 1.18305108499093 0.694915663725833 0.694915663725833
0.00484000000000002 1.18552651513195 0.696349034051259 0.696349034051259
0.00485000000000011 1.18800203206944 0.697782369576334 0.697782369576334
0.00486000000000009 1.19047763580135 0.699215670301061 0.699215670301061
0.00487000000000006 1.19295332632535 0.700648936225301 0.700648936225301
0.0048799999999999 1.1954291036393 0.702082167349024 0.702082167349024
0.00489000000000016 1.19790496774096 0.703515363672123 0.703515363672122
0.00490000000000007 1.20038091862832 0.704948525194642 0.704948525194643
0.00491000000000017 1.20285695469709 0.706381650314839 0.70638165031484
0.00492000000000011 1.20533307680027 0.707814739887611 0.707814739887612
0.00493000000000024 1.20780928629632 0.709247795273303 0.709247795273303
0.00494000000000021 1.21028558318312 0.710680816471865 0.710680816471865
0.0049499999999999 1.2127619673516 0.712113803483139 0.712113803483139
0.00496000000000031 1.21523843896064 0.713546756306854 0.713546756306854
0.00497000000000021 1.21771499802923 0.71497967494221 0.714979674942209
0.00498000000000015 1.22019164455681 0.716412559390848 0.716412559390847
0.00499000000000023 1.22266837854118 0.71784540965268 0.71784540965268
0.00500000000000012 1.22514519997887 0.71927822572748 0.71927822572748
