          30      1   933.690948   228.425920   179.885412
          30      1   878.012130    61.389466   155.615158
          30      1  2022.997054   198.445018   281.249414
          30      1   700.982042   209.866314    89.942706
          30      1   793.780072    62.817128    77.093748
          30      1  1613.258060    91.370368    51.395832
          30      1  2559.797966    52.823494   229.853582
          30      1  2505.546810   281.249414   187.023722
          30      1   668.145816   202.728004   225.570596
          30      1  2334.227370   207.010990   124.206594
          30      1   836.609932    39.974536   245.557864
          30      1  2301.391144    65.672452    85.659720
          30      1   209.866314    21.414930   241.274878
          30      1  2716.840786   269.828118    98.508678
          30      1  1975.884208    91.370368   208.438652
          30      1  1431.944986   149.904510     7.138310
          30      1  1170.682840    45.685184   202.728004
          30      1  1611.830398   258.406822   178.457750
          30      1    89.942706   144.193862    35.691550
          30      1   552.505194   221.287610   147.049186
          30      1   248.413188    31.408564    97.081016
          30      1  1838.828656   185.596060   262.689808
          30      1  1350.568252   208.438652     0.000000
          30      1  2152.914296   194.162032   259.834484
          30      1  1780.294514   104.219326   258.406822
          30      1  1046.476246    78.521410   281.249414
          30      1   306.947330   152.759834     7.138310
          30      1   626.743618    41.402198   107.074650
          30      1   324.079274   284.104738   101.364002
          30      1  1484.768480   137.055552   171.319440
          30      1  1337.719294    92.798030    87.087382
          30      1   411.166656   268.400456   159.898144
          30      1   960.816526     7.138310   224.142934
          30      1   204.155666   147.049186   189.879046
          30      1   282.677076    62.817128    19.987268
          30      1    47.112846    58.534142   249.840850
          30      1   414.021980   251.268512     8.565972
          30      1   755.233198   218.432286     4.282986
          30      1  1396.253436   236.991892   174.174764
          30      1  2662.589630    35.691550    35.691550
          30      1  2525.534078   238.419554    61.389466
          30      1  1820.269050     1.427662   261.262146
          30      1  1193.525432   239.847216   131.344904
          30      1   889.433426     7.138310    12.848958
          30      1  2594.061854   226.998258   252.696174
          30      1   501.109362   187.023722   201.300342
          30      1   405.456008   148.476848   179.885412
          30      1   465.417812    48.540508    51.395832
          30      1  1347.712928   171.319440   114.212960
          30      1  2431.308386   201.300342   175.602426
          30      1  2532.672388   137.055552   157.042820
          30      1  1489.051466    58.534142    87.087382
          30      1  1192.097770   175.602426   187.023722
          30      1  1110.721036   168.464116   188.451384
          30      1    85.659720   108.502312   142.766200
          30      1  1660.370906   184.168398    52.823494
          30      1   147.049186    44.257522    15.704282
          30      1  1090.733768   105.646988    74.238424
          30      1  2082.958858   249.840850   235.564230
          30      1  1766.017894    87.087382   149.904510
          30      1  2791.079210   261.262146   261.262146
          30      1  2445.585006    21.414930    38.546874
          30      1  1449.076930   169.891778    84.232058
          30      1   676.711788    71.383100    11.421296
          30      1  2325.661398     1.427662   209.866314
          30      1  2234.291030   238.419554   132.772566
          30      1  2068.682238    72.810762   132.772566
          30      1  1230.644644   148.476848   268.400456
          30      1  1935.909672    77.093748     8.565972
          30      1   262.689808   122.778932    88.515044
