436.864572 57.10648 1.70768770029079e-05 6.05582857068673e-06 0 0.141 0
436.9082584572 57.10648 0.0945369639372759 0.0945138312317023 9.99950003332973e-05 0.128 2.12628425542105e-17
436.9519449144 57.10648 0.0433171240735126 0.0433012837327089 0.000199980002666245 0.209 8.33058943484688e-18
436.9956313716 57.10648 0.0219556123373653 0.0219397719964317 0.000299955008997942 0.229 8.33058922069811e-18
437.0393178288 57.10648 -0.00336357706601169 0.00337941740593967 0.000399920021326891 0.246 8.33058947149076e-18
437.083004286 57.10648 -0.00658745417378334 0.00660329451358058 0.000499875041650993 0.247 8.3305896382096e-18
437.1266907432 57.10648 -0.011400616907439 0.0114164572472808 0.000599820071967549 0.247 8.33058865684771e-18
437.1703772004 57.10648 -0.0182590101841653 0.0182748505237142 0.000699755114273265 0.245 8.33058946174793e-18
437.2140636576 57.10648 -0.0270841494715735 0.0270999898120377 0.000799680170564244 0.246 8.33058943310163e-18
437.2577501148 57.10648 -0.0385630916128608 0.0385789319529832 0.000899595242835994 0.246 8.33058961584202e-18
437.301436572 57.10648 -0.0529303015057065 0.0529461418465935 0.000999500333083423 0.246 8.3305891667381e-18
437.3451230292 57.10648 -0.0705198200257409 0.0705356603659974 0.00109939544330106 0.246 8.33058913590398e-18
437.3888094864 57.10648 -0.090779062573035 0.0907949029130702 0.00119928057548219 0.248 8.33058947239803e-18
437.4324959436 57.10648 -0.114636432007428 0.114652272347695 0.00129915573162013 0.249 8.33058949061843e-18
437.4761824008 57.10648 -0.145177571508299 0.145193411848817 0.00139902091370741 0.247 8.33058908331146e-18
437.519868858 57.10648 -0.175960519594189 0.175976359935494 0.00149887612373595 0.249 8.33058938009632e-18
437.5635553152 57.10648 -0.21135058387777 0.211366424218716 0.00159872136369707 0.251 8.33058900482364e-18
437.6072417724 57.10648 -0.252705158148866 0.252720998489064 0.00169855663558151 0.252 8.33058910475269e-18
437.6509282296 57.10648 -0.300771500283727 0.300787340623444 0.0017983819413794 0.251 8.33058926258831e-18
437.6946146868 57.10648 -0.346374570628569 0.346390410969 0.00189819728308027 0.257 8.33058922790634e-18
437.738301144 57.10648 0.0112973126700003 0.0112814723299653 0.00199800266267306 0.312 8.33058912772667e-18
437.7819876012 57.10648 0.0132777384189892 0.0132618980788604 0.00209779808214612 0.312 8.33058966720835e-18
437.8256740584 57.10648 0.0156797612619624 0.01566392091962 0.0021975835434872 0.32 8.33058955558122e-18
437.8693605156 57.10648 0.0183661375146406 0.0183502971735679 0.00229735904868346 0.316 8.33058937123411e-18
437.9130469728 57.10648 0.0200734270072677 0.0200575866670293 0.00239712459972145 0.325 8.33058944891625e-18
437.95673343 57.10648 0.0242052982785564 0.0241894579389365 0.00249688019858715 0.319 8.33058930861028e-18
438.0004198872 57.10648 0.0265365244475489 0.0265206841073871 0.00259662584726591 0.324 8.33058919929541e-18
438.0441063444 57.10648 0.0304046886451676 0.0303888483042967 0.00269636154774253 0.323 8.33058920663012e-18
438.0877928016 57.10648 0.0337442045228817 0.0337283641826996 0.00279608730200119 0.325 8.33058950342608e-18
438.1314792588 57.10648 0.0351598331193932 0.0351439927793355 0.00289580311202547 0.333 8.33058924978957e-18
438.175165716 57.10648 0.0399321132574455 0.0399162729171141 0.00299550897979837 0.332 8.33058873698198e-18
438.2188521732 57.10648 0.0438732631268857 0.0438574227869046 0.00309520490730252 0.334 8.33058957987156e-18
438.2625386304 57.10648 0.0473921940752967 0.0473763537353074 0.00319489089651929 0.337 8.33058936871023e-18
438.3062250876 57.10648 0.0545881253895889 0.0545722850483954 0.00329456694943011 0.334 8.33058907443843e-18
438.3499115448 57.10648 0.0587091819942214 0.0586933416538138 0.00339423306801562 0.337 8.33058903189666e-18
438.393598002 57.10648 0.0671837831428468 0.0671679428026037 0.00349388925425584 0.334 8.33058968956611e-18
438.4372844592 57.10648 0.0626528831620373 0.0626370428209885 0.00359353551013022 0.347 8.33058928025373e-18
438.4809709164 57.10648 0.0614117774397152 0.0613959370990874 0.00369317183761761 0.358 8.33058927012584e-18
438.5246573736 57.10648 0.067840221226655 0.0678243808861641 0.00379279823869626 0.359 8.33058955555559e-18
438.5683438308 57.10648 0.0773013029156585 0.0772854625752553 0.00389241471534385 0.352 8.33058938549618e-18
438.612030288 57.10648 0.083379330310715 0.0833634899695886 0.00399202126953746 0.354 8.33058955094771e-18
438.6557167452 57.10648 0.0911278993725928 0.0911120590315851 0.00409161790325356 0.355 8.33058899065208e-18
438.6994032024 57.10648 0.0991721464364186 0.0991563060949919 0.00419120461846805 0.359 8.33058946055907e-18
438.7430896596 57.10648 0.108874770827901 0.108858930487034 0.00429078141715625 0.356 8.33058935344945e-18
438.7867761168 57.10648 0.119092227835822 0.119076387495824 0.00439034830129285 0.355 8.3305886686856e-18
438.830462574 57.10648 0.129029013252768 0.129013172912467 0.004489905272852 0.358 8.33058933358571e-18
438.8741490312 57.10648 0.140388371933071 0.140372531591734 0.00458945233380722 0.357 8.33058904580064e-18
438.9178354884 57.10648 0.152464680894848 0.15244884055416 0.00468898948613147 0.356 8.33058904630871e-18
438.9615219456 57.10648 0.165073124615078 0.165057284275466 0.00478851673179709 0.356 8.3305896670225e-18
439.0052084028 57.10648 0.178015131237875 0.177999290897582 0.00488803407277587 0.358 8.33058914693491e-18
439.04889486 57.10648 0.192269542860781 0.192253702520232 0.00498754151103897 0.357 8.33058899981859e-18
