# Fix print output for fix def1
0 -1.27821833587286e-08 0.0931856303725568 0.0931856303725569
9.99999999990298e-06 -1.27811272649112e-08 0.0931846985217029 0.0931846985217029
1.99999999999245e-05 0.00239065054995122 0.0946109148669968 0.0946109148669968
2.99999999999526e-05 0.0047813825182999 0.0960370852728264 0.0960370852728263
4.00000000000976e-05 0.00717216681607675 0.097463197861867 0.097463197861867
5.00000000000255e-05 0.00956298715375105 0.098889240776626 0.098889240776626
6.00000000000686e-05 0.0119538272712147 0.100315202189278 0.100315202189278
6.9999999999893e-05 0.01434467094849 0.101741070311074 0.101741070311074
8.00000000000528e-05 0.0167355020171917 0.103166833401962 0.103166833401962
8.99999999999922e-05 0.0191263043700947 0.10459247978063 0.10459247978063
0.000100000000000043 0.0215170619720366 0.106017997833302 0.106017997833302
0.000110000000000094 0.0239077588766757 0.107443376024073 0.107443376024073
0.000120000000000033 0.0262983792331784 0.108868602903626 0.108868602903626
0.000129999999999969 0.028688907289107 0.110293667117467 0.110293667117467
0.000140000000000014 0.031079327406818 0.111718557415627 0.111718557415627
0.000150000000000055 0.0334696240730633 0.113143262660881 0.113143262660881
0.00015999999999998 0.0358597819108773 0.11456777183937 0.11456777183937
0.000169999999999899 0.0382497856873528 0.115992074066957 0.115992074066957
0.000179999999999923 0.0406396203241888 0.117416158598377 0.117416158598377
0.000189999999999938 0.0430292709069044 0.118840014835165 0.118840014835165
0.000200000000000056 0.0454187226941464 0.120263632333607 0.120263632333607
0.000209999999999943 0.0478079611273617 0.121687000812625 0.121687000812625
0.000219999999999929 0.0501969718381919 0.123110110160741 0.123110110160741
0.000229999999999904 0.052585740592001 0.124532950377466 0.124532950377466
0.000239999999999977 0.0549742534545281 0.125955511738746 0.125955511738746
0.000250000000000036 0.0573624967093035 0.127377784730723 0.127377784730723
0.00025999999999997 0.0597504568256112 0.128799759990838 0.128799759990838
0.000270000000000109 0.06213812054491 0.130221428359716 0.130221428359716
0.000279999999999899 0.0645254748152141 0.131642780886679 0.131642780886679
0.000289999999999893 0.0669125068288669 0.133063808835259 0.133063808835259
0.000299999999999978 0.0692992040299403 0.134484503688832 0.134484503688832
0.000310000000000043 0.0716855541203269 0.135904857155426 0.135904857155426
0.000319999999999976 0.0740715450654962 0.137324861172294 0.137324861172294
0.000330000000000109 0.0764571650997986 0.138744507910067 0.138744507910067
0.000340000000000107 0.0788424027321284 0.140163789776956 0.140163789776956
0.00035000000000008 0.0812272467490767 0.141582699421519 0.141582699421519
0.000359999999999917 0.0836116861959632 0.143001229724235 0.143001229724235
0.000369999999999948 0.0859957104220521 0.144419373820973 0.144419373820973
0.000380000000000063 0.0883793090762826 0.145837125100496 0.145837125100496
0.000389999999999926 0.0907624721041574 0.147254477205121 0.147254477205121
0.000400000000000091 0.0931451897617589 0.148671424034872 0.148671424034872
0.000410000000000003 0.0955274525967581 0.150087959743061 0.150087959743061
0.000419999999999993 0.0979092514566181 0.151504078739446 0.151504078739446
0.000429999999999949 0.100290577493882 0.152919775691824 0.152919775691824
0.000439999999999981 0.102671422167204 0.154335045526223 0.154335045526223
0.000449999999999976 0.105051777243019 0.155749883427369 0.155749883427369
0.000460000000000044 0.107431634796077 0.157164284838395 0.157164284838395
0.000470000000000073 0.109810987210241 0.158578245460568 0.158578245460568
0.000479999999999951 0.112189827178135 0.159991761252227 0.159991761252227
0.000490000000000009 0.114568147701185 0.161404828427832 0.161404828427832
0.000499999999999913 0.116945942088887 0.16281744345644 0.16281744345644
