9.999268249186135322e-12
9.999148187999394970e-12
9.998947954222076409e-12
9.998667526069932304e-12
9.998306934138885558e-12
9.997866162306940463e-12
9.997345251094442438e-12
9.996697771454634760e-12
9.996949765882350403e-12
9.994081593666161603e-12
9.994326856325037447e-12
9.995139565572653978e-12
9.991871595744595621e-12
9.991651766476678013e-12
9.990461722076608015e-12
9.989220029887276020e-12
9.987898335251989396e-12
9.986496660080072616e-12
9.985015003932843692e-12
9.983453415400993682e-12
