9.998261906363525632e-12
9.997652987789982162e-12
9.996637347435092440e-12
9.995215103815811523e-12
9.993386380078002023e-12
9.991151417205904318e-12
9.988510388688602841e-12
9.985450424682195300e-12
9.982397837930716256e-12
9.979773452323854846e-12
9.976332967759396750e-12
9.971014004732454802e-12
9.964665123676830302e-12
9.958680766906443798e-12
9.952806487112222201e-12
9.946529129991177854e-12
9.939850706157158774e-12
9.932771767264574971e-12
9.925292943078060642e-12
9.917415124695152820e-12
