9.996619310855635095e-12
9.994688560317064784e-12
9.991468852717366444e-12
9.986961480672658159e-12
9.981168250151793871e-12
9.974091551418463339e-12
9.965734245137304281e-12
9.956125415328559538e-12
9.944917573121027948e-12
9.931334226140638713e-12
9.919908306347596728e-12
9.906547511968692975e-12
9.888960765761610250e-12
9.871690739229855529e-12
9.853279860582439958e-12
9.833616472549703054e-12
9.812731677785431041e-12
9.790634753127856431e-12
9.767335462946194537e-12
9.742844513607717921e-12
