9.994149898437065379e-12
9.989417089863666171e-12
9.981529262464758550e-12
9.970495325352798693e-12
9.956329065324780302e-12
9.939047290127306361e-12
9.918671365460558336e-12
9.895263064164839656e-12
9.868167997999550529e-12
9.840701152662997436e-12
9.804991538264764712e-12
9.772690819839904061e-12
9.732717371885496015e-12
9.692098853779912490e-12
9.648230633924681783e-12
9.601684271050727929e-12
9.552507377837548737e-12
9.500775318801178324e-12
9.446569424885018539e-12
9.389976695041136697e-12
