          30      1  1447.649268   217.004624    65.672452
          30      1  1941.620320     5.710648     8.565972
          30      1   192.734370    78.521410   218.432286
          30      1  1773.156204   219.859948    54.251156
          30      1  1124.997656    48.540508   171.319440
          30      1   531.090264   108.502312    17.131944
          30      1  2417.031766   164.181130   252.696174
          30      1   301.236682    38.546874    78.521410
          30      1  2758.242984   265.545132   265.545132
          30      1   858.024862     9.993634    29.980902
          30      1   743.811902   169.891778   207.010990
          30      1  2042.984322   184.168398   269.828118
          30      1   151.332172   182.740736   102.791664
