5.656952917728047951e-14
1.132508789175850094e-13
1.698100128226532409e-13
2.261860849088216999e-13
2.823187159629805440e-13
3.381483935544494441e-13
3.936161712754604154e-13
4.486691837330331029e-13
5.034063116159343267e-13
5.567695391006358797e-13
6.114259306061814839e-13
6.629916910845613856e-13
7.158962849757760532e-13
7.670661298176907961e-13
8.176791791373415753e-13
8.674624300727468095e-13
9.163773117216372229e-13
9.643846879979250212e-13
1.011448287000718869e-12
1.057534746540885930e-12
