          30      1   336.928232   131.344904   288.387724
          30      1   498.254038   375.475106   155.615158
          30      1   516.813644   271.255780   396.890036
          30      1   152.759834    15.704282   515.385982
          30      1   255.551498   278.394090   466.845474
          30      1   199.872680   365.481472   214.149300
          30      1   252.696174    21.414930   226.998258
          30      1   452.568854   466.845474   338.355894
          30      1   122.778932   322.651612   405.456008
          30      1   306.947330   132.772566   101.364002
          30      1   344.066542   455.424178    95.653354
