# Fix print output for fix def1
0 -6.20467505965413e-09 0.0406193769230957 0.0406193769230957
9.99999999962017e-07 -6.2041524568984e-09 0.0406193363041788 0.0406193363041789
2.00000000001193e-06 0.000104201470410043 0.0406815059376851 0.0406815059376852
2.99999999992671e-06 0.000208408805299042 0.0407436749054542 0.0407436749054541
3.99999999992738e-06 0.000312615089960889 0.0408058426897089 0.0408058426897089
5.00000000001296e-06 0.000416819614822621 0.0408680087735713 0.0408680087735713
5.99999999996039e-06 0.000521021671666116 0.0409301726413923 0.0409301726413923
6.99999999999072e-06 0.000625220554165093 0.0409923337792106 0.0409923337792106
8.00000000010295e-06 0.000729415558447558 0.0410544916752296 0.0410544916752296
9.00000000007404e-06 0.000833605983400662 0.0411166458201336 0.0411166458201337
9.99999999990298e-06 0.000937791131252545 0.0411787957075682 0.0411787957075682
1.10000000000329e-05 0.0010419703079637 0.041240940834505 0.041240940834505
1.20000000000186e-05 0.00114614282382778 0.0413030807017317 0.0413030807017317
1.30000000000813e-05 0.001250307993684 0.041365214814106 0.041365214814106
1.39999999999978e-05 0.00135446513758774 0.0414273426810766 0.0414273426810766
1.49999999999892e-05 0.00145861358107464 0.0414894638169682 0.0414894638169682
1.60000000000545e-05 0.00156275265576131 0.0415515777414615 0.0415515777414614
1.69999999999706e-05 0.00166688169965757 0.0416136839798916 0.0416136839798917
1.79999999999587e-05 0.00177100005756813 0.0416757820636027 0.0416757820636027
1.90000000000176e-05 0.00187510708159209 0.0417378715303575 0.0417378715303576
1.99999999999245e-05 0.00197920213147656 0.0417999519246543 0.0417999519246543
2.09999999999002e-05 0.0020832845749174 0.0418620227980028 0.0418620227980028
2.19999999999438e-05 0.00218735378809848 0.0419240837093607 0.0419240837093607
2.30000000000543e-05 0.00229140915597402 0.0419861342253802 0.0419861342253802
2.40000000000087e-05 0.00239545007256313 0.0420481739206802 0.0420481739206802
2.50000000000279e-05 0.00249947594136985 0.0421102023781847 0.0421102023781846
2.59999999998891e-05 0.00260348617575492 0.0421722191894242 0.0421722191894242
2.70000000000351e-05 0.00270748019909074 0.0422342239547039 0.0422342239547039
2.80000000000211e-05 0.0028114574453394 0.0422962162835216 0.0422962162835216
2.90000000000679e-05 0.0029154173589833 0.0423581957945928 0.0423581957945928
2.99999999999526e-05 0.00301935939567072 0.042420162116297 0.0424201621162971
3.09999999998962e-05 0.00312328302218441 0.0424821148867168 0.0424821148867168
3.19999999998977e-05 0.00322718771689656 0.0425440537539594 0.0425440537539593
3.2999999999956e-05 0.0033310729698917 0.0426059783762749 0.0426059783762749
3.40000000000703e-05 0.00343493828324507 0.0426678884222667 0.0426678884222667
3.50000000000175e-05 0.00353878317116966 0.0427297835710106 0.0427297835710106
3.60000000000185e-05 0.0036426071602698 0.0427916635122375 0.0427916635122376
3.70000000000724e-05 0.00374640978965962 0.0428535279464275 0.0428535279464275
3.79999999999562e-05 0.00385019061120341 0.0429153765849724 0.0429153765849723
3.89999999998909e-05 0.00395394918955403 0.042977209150211 0.042977209150211
4.00000000000976e-05 0.00405768510239681 0.0430390253755827 0.0430390253755827
4.0999999999909e-05 0.00416139794049129 0.0431008250056533 0.0431008250056533
4.19999999999904e-05 0.00426508730769987 0.043162607796129 0.0431626077961289
4.29999999998967e-05 0.00436875282125965 0.0432243735140098 0.0432243735140098
4.40000000000708e-05 0.00447239411169065 0.0432861219375185 0.0432861219375185
4.50000000000679e-05 0.00457601082293763 0.0433478528561675 0.0433478528561675
4.60000000001088e-05 0.00467960261225093 0.043409566070655 0.043409566070655
4.69999999999706e-05 0.00478316915046548 0.0434712613930161 0.0434712613930161
4.80000000000964e-05 0.00488671012171877 0.0435329386464006 0.0435329386464006
4.9000000000041e-05 0.00499022522367506 0.0435945976651743 0.0435945976651743
5.00000000000255e-05 0.00509371416733866 0.0436562382947615 0.0436562382947615
5.10000000000489e-05 0.00519717667707713 0.043717860391605 0.043717860391605
5.20000000001102e-05 0.00530061249058955 0.0437794638230911 0.0437794638230911
5.29999999999863e-05 0.00540402135876887 0.0438410484674088 0.0438410484674088
5.39999999998984e-05 0.00550740304561681 0.0439026142134316 0.0439026142134316
5.50000000000674e-05 0.00561075732821643 0.0439641609606291 0.0439641609606292
5.60000000000482e-05 0.00571408399658206 0.0440256886189088 0.0440256886189088
5.7000000000062e-05 0.00581738285345175 0.0440871971084068 0.0440871971084068
5.80000000001076e-05 0.00592065371425755 0.0441486863593926 0.0441486863593926
5.89999999999622e-05 0.00602389640692706 0.0442101563120631 0.0442101563120631
6.00000000000686e-05 0.00612711077163787 0.0442716069163045 0.0442716069163046
6.09999999999819e-05 0.00623029666086158 0.0443330381316265 0.0443330381316264
6.19999999999231e-05 0.00633345393885011 0.044394449926759 0.044394449926759
6.29999999998912e-05 0.00643658248167857 0.0444558422795755 0.0444558422795754
6.40000000001072e-05 0.00653968217698724 0.0445172151768397 0.0445172151768397
6.49999999999041e-05 0.00664275292366151 0.0445785686139071 0.0445785686139071
6.59999999999469e-05 0.00674579463164176 0.0446399025945044 0.0446399025945044
6.70000000000126e-05 0.00684880722176932 0.0447012171305255 0.0447012171305256
6.80000000001002e-05 0.00695179062538002 0.0447625122416781 0.0447625122416781
6.89999999999866e-05 0.00705474478413321 0.0448237879552669 0.0448237879552669
6.9999999999893e-05 0.00715766964964896 0.0448850443058614 0.0448850443058614
7.10000000000402e-05 0.00726056518343492 0.0449462813351349 0.0449462813351349
7.19999999999834e-05 0.00736343135634903 0.0450074990914259 0.0450074990914259
7.29999999999434e-05 0.00746626814842031 0.0450686976295103 0.0450686976295102
7.39999999999194e-05 0.00756907554856295 0.0451298770103116 0.0451298770103115
7.49999999999102e-05 0.00767185355427162 0.0451910373006002 0.0451910373006001
7.59999999999149e-05 0.0077746021712062 0.0452521785726169 0.0452521785726169
7.69999999999326e-05 0.00787732141304451 0.0453133009038747 0.0453133009038746
7.79999999999621e-05 0.00798001130098014 0.0453744043767313 0.0453744043767313
7.90000000000025e-05 0.00808267186351714 0.045435489078148 0.045435489078148
8.00000000000528e-05 0.00818530313614171 0.045496555099373 0.045496555099373
8.099999999989e-05 0.00828790516092429 0.0455576025355852 0.0455576025355852
8.19999999999571e-05 0.00839047798620842 0.0456186314855907 0.0456186314855907
8.30000000000311e-05 0.00849302166632565 0.0456796420515359 0.045679642051536
8.4000000000111e-05 0.0085955362611974 0.0457406343385538 0.0457406343385539
8.49999999999738e-05 0.00869802183602685 0.0458016084544633 0.0458016084544633
8.60000000000625e-05 0.00880047846094477 0.0458625645094596 0.0458625645094596
8.69999999999321e-05 0.00890290621074554 0.0459235026158258 0.0459235026158258
8.80000000000255e-05 0.0090053051644494 0.045984422887579 0.045984422887579
8.89999999998979e-05 0.00910767540494905 0.0460453254401941 0.046045325440194
8.99999999999922e-05 0.00921001701884514 0.0461062103902976 0.0461062103902976
9.10000000000854e-05 0.00931233009609251 0.0461670778553897 0.0461670778553898
9.19999999999544e-05 0.00941461472952489 0.0462279279535394 0.0462279279535394
9.30000000000424e-05 0.00951687101457217 0.0462887608030735 0.0462887608030735
9.39999999999042e-05 0.00961909904902521 0.0463495765223496 0.0463495765223496
9.4999999999983e-05 0.0097212989326278 0.0464103752294231 0.0464103752294231
9.60000000000557e-05 0.00982347076691271 0.046471157041866 0.046471157041866
9.69999999998992e-05 0.00992561465467882 0.0465319220763766 0.0465319220763766
9.79999999999567e-05 0.010027730699889 0.0465926704486419 0.0465926704486419
9.9000000000005e-05 0.0101298190073431 0.0466534022730714 0.0466534022730714
0.000100000000000043 0.0102318796822996 0.0467141176625014 0.0467141176625014
0.00010100000000007 0.0103339128302714 0.0467748167280122 0.0467748167280122
0.000102000000000085 0.0104359185567398 0.0468354995786952 0.0468354995786952
0.000103000000000087 0.0105378969669232 0.0468961663214618 0.0468961663214618
0.000104000000000075 0.010639848165435 0.0469568170607879 0.0469568170607879
0.000105000000000048 0.0107417722561106 0.047017451898564 0.047017451898564
0.000106000000000005 0.0108436693417843 0.0470780709339193 0.0470780709339193
0.000106999999999944 0.0109455395239687 0.047138674262996 0.0471386742629961
0.000108000000000088 0.0110473829027145 0.0471992619788299 0.0471992619788299
0.00010899999999999 0.0111491995764037 0.0472598341712009 0.0472598341712009
0.000110000000000094 0.0112509896413806 0.0473203909263881 0.0473203909263881
0.000110999999999955 0.0113527531920446 0.0473809323272072 0.0473809323272072
0.000112000000000016 0.0114544903203937 0.0474414584527214 0.0474414584527214
0.000113000000000054 0.0115562011160532 0.0475019693782565 0.0475019693782565
0.000114000000000068 0.011657885665925 0.0475624651751761 0.0475624651751761
0.000115000000000057 0.0117595440541979 0.0476229459108944 0.0476229459108944
0.000116000000000019 0.0118611763621424 0.0476834116487558 0.0476834116487558
0.000116999999999955 0.0119627826679225 0.0477438624479311 0.0477438624479311
0.000118000000000084 0.0120643630465268 0.0478042983633916 0.0478042983633916
0.000118999999999963 0.012165917569656 0.0478647194458522 0.0478647194458522
0.000120000000000033 0.012267446305566 0.0479251257417095 0.0479251257417095
0.000121000000000072 0.0123689493190979 0.0479855172930796 0.0479855172930796
0.000122000000000079 0.0124704266714211 0.0480458941376756 0.0480458941376757
0.000123000000000053 0.0125718784201012 0.0481062563088809 0.0481062563088809
0.000123999999999993 0.0126733046189425 0.0481666038356963 0.0481666038356963
0.000124999999999897 0.0127747053180158 0.0482269367427965 0.0482269367427965
0.000125999999999988 0.0128760805635628 0.0482872550505183 0.0482872550505183
0.000127000000000042 0.0129774303979635 0.0483475587748901 0.04834755877489
0.000128000000000057 0.0130787548597324 0.0484078479276822 0.0484078479276822
0.000129000000000033 0.0131800539834707 0.0484681225164353 0.0484681225164353
0.000129999999999969 0.0132813277999269 0.048528382544554 0.048528382544554
0.000131000000000087 0.0133825763359131 0.0485886280113163 0.0485886280113163
0.00013199999999994 0.0134837996144162 0.0486488589120104 0.0486488589120104
0.000132999999999972 0.0135849976545186 0.0487090752379502 0.0487090752379502
0.000133999999999959 0.0136861704715067 0.0487692769766143 0.0487692769766142
0.000134999999999902 0.0137873180768538 0.0488294641116984 0.0488294641116984
0.000136000000000021 0.0138884404782962 0.0488896366232482 0.0488896366232482
0.000137000000000092 0.0139895376799508 0.0489497944877976 0.0489497944877976
0.000137999999999894 0.0140906096822048 0.049009937678383 0.049009937678383
0.00013900000000009 0.0141916564819544 0.0490700661647672 0.0490700661647672
0.000140000000000014 0.0142926780726505 0.0491301799135454 0.0491301799135454
0.000141000000000109 0.0143936744442701 0.0491902788882133 0.0491902788882133
0.00014199999999993 0.0144946455835686 0.0492503630494003 0.0492503630494003
0.00014299999999992 0.0145955914739804 0.0493104323548962 0.0493104323548962
0.000144000000000078 0.0146965120959684 0.0493704867599434 0.0493704867599434
0.000144999999999959 0.0147974074269389 0.0494305262172727 0.0494305262172728
0.000146000000000006 0.0148982774413648 0.049490550677263 0.049490550677263
0.000146999999999995 0.0149991221110345 0.0495505600881829 0.0495505600881829
0.000147999999999926 0.0150999414050221 0.0496105543962509 0.0496105543962509
0.000149000000000021 0.0152007352898826 0.0496705335458371 0.0496705335458371
0.000150000000000055 0.015301503729863 0.0497304974796913 0.0497304974796913
0.000151000000000028 0.0154022466868265 0.0497904461389634 0.0497904461389634
0.000151999999999939 0.0155029641205967 0.0498503794635035 0.0498503794635035
0.000153000000000009 0.015603655988929 0.0499102973919318 0.0499102973919319
0.000154000000000015 0.0157043222478328 0.0499701998619063 0.0499701998619062
0.000154999999999956 0.0158049628515302 0.0500300868101853 0.0500300868101853
0.000156000000000052 0.0159055777527275 0.0500899581728694 0.0500899581728694
0.000157000000000082 0.0160061669026799 0.0501498138855166 0.0501498138855166
0.000158000000000043 0.016106730251402 0.0502096538833506 0.0502096538833506
0.000158999999999936 0.0162072677477636 0.0502694781013842 0.0502694781013842
0.00015999999999998 0.0163077793396325 0.0503292864745883 0.0503292864745883
0.000160999999999953 0.0164082649741318 0.0503890789381116 0.0503890789381116
0.000162000000000076 0.0165087245976421 0.0504488554273534 0.0504488554273534
0.000162999999999904 0.016609158156007 0.0505086158781446 0.0505086158781446
0.000164000000000102 0.0167095655946422 0.0505683602268934 0.0505683602268934
0.000165000000000003 0.0168099468588223 0.0506280884108078 0.0506280884108078
0.000166000000000049 0.0169103018935652 0.0506878003678825 0.0506878003678825
0.000167000000000019 0.017010630644056 0.0507474960372169 0.0507474960372169
0.000167999999999911 0.0171109330555426 0.0508071753590004 0.0508071753590004
0.000168999999999945 0.0172112090736062 0.0508668382747273 0.0508668382747274
0.000169999999999899 0.0173114586443053 0.0509264847273289 0.0509264847273289
0.000170999999999994 0.0174116817142011 0.0509861146612326 0.0509861146612326
0.000172000000000007 0.0175118782305519 0.0510457280225209 0.0510457280225209
0.000172999999999937 0.017612048141432 0.0511053247590383 0.0511053247590383
0.000174000000000005 0.0177121913958077 0.0511649048204726 0.0511649048204727
0.000174999999999988 0.0178123079437605 0.051224468158518 0.051224468158518
0.000176000000000107 0.017912397736429 0.0512840147268709 0.0512840147268709
0.000176999999999916 0.0180124607262614 0.051343544481399 0.0513435444813991
0.000178000000000082 0.0181124968670048 0.0514030573801645 0.0514030573801645
0.000178999999999936 0.0182125061139499 0.0514625533835823 0.0514625533835823
0.000179999999999923 0.0183124884237859 0.0515220324543482 0.0515220324543482
0.00018100000000004 0.0184124437549544 0.051581494557662 0.051581494557662
0.000182000000000065 0.0185123720675434 0.051640939661171 0.051640939661171
0.000182999999999997 0.018612273323394 0.0517003677350368 0.0517003677350368
0.000184000000000057 0.0187121474862499 0.0517597787520258 0.0517597787520258
0.000185000000000022 0.0188119945217613 0.0518191726875108 0.0518191726875108
0.00018599999999989 0.0189118143974939 0.0518785495194668 0.0518785495194668
0.000187000000000106 0.0190116070830821 0.0519379092285545 0.0519379092285545
0.000188000000000002 0.0191113725502947 0.0519972517981468 0.0519972517981468
0.00018900000000002 0.0192111107728745 0.0520565772142169 0.0520565772142169
0.000189999999999938 0.0193108217268436 0.0521158854655044 0.0521158854655044
0.000190999999999978 0.019410505390308 0.0521751765433702 0.0521751765433702
0.000191999999999915 0.0195101617436701 0.0522344504419065 0.0522344504419065
0.000192999999999971 0.0196097907694569 0.052293707157802 0.052293707157802
0.000193999999999923 0.0197093924525326 0.0523529466904395 0.0523529466904395
0.000194999999999992 0.0198089667799364 0.052412169041763 0.052412169041763
0.000195999999999954 0.0199085137410256 0.0524713742163379 0.0524713742163379
0.000197000000000032 0.0200080333273477 0.0525305622212194 0.0525305622212194
0.000198000000000001 0.0201075255326797 0.0525897330659498 0.0525897330659498
0.000199000000000084 0.0202069903530644 0.0526488867625318 0.0526488867625318
0.000200000000000056 0.020306427786734 0.0527080233253381 0.0527080233253381
0.000200999999999918 0.0204058378340694 0.0527671427710417 0.0527671427710417
0.000202000000000111 0.0205052204976379 0.0528262451185877 0.0528262451185877
0.000202999999999969 0.0206045757821818 0.0528853303891374 0.0528853303891375
0.000203999999999935 0.0207039036943615 0.0529443986058623 0.0529443986058623
0.000205000000000008 0.0208032042430117 0.0530034497940434 0.0530034497940435
0.000205999999999964 0.0209024774389496 0.0530624839809028 0.0530624839809028
0.000207000000000026 0.0210017232948775 0.0531215011954864 0.0531215011954864
0.00020799999999997 0.0211009418253914 0.0531805014686166 0.0531805014686166
0.000209000000000016 0.0212001330469182 0.0532394848327879 0.0532394848327879
0.000209999999999943 0.0212992969776641 0.0532984513220894 0.0532984513220895
0.00021099999999997 0.0213984336374867 0.0533574009720587 0.0533574009720587
0.000212000000000097 0.0214975430478847 0.0534163338196191 0.0534163338196191
0.000213000000000101 0.0215966252319433 0.0534752499029874 0.0534752499029874
0.000213999999999981 0.0216956802141603 0.0535341492615074 0.0535341492615075
0.000214999999999958 0.0217947080204545 0.0535930319355952 0.0535930319355952
0.000216000000000031 0.0218937086737155 0.0536518979622568 0.0536518979622568
0.000216999999999977 0.0219926822064197 0.0537107473877017 0.0537107473877017
0.000218000000000016 0.0220916286485482 0.0537695802552286 0.0537695802552287
0.000218999999999927 0.0221905480308239 0.0538283966084224 0.0538283966084224
0.000219999999999929 0.0222894403848738 0.0538871964913186 0.0538871964913186
0.000221000000000022 0.022388305743272 0.0539459799483811 0.0539459799483811
0.000221999999999984 0.0224871441393352 0.0540047470243156 0.0540047470243156
0.000223000000000034 0.0225859556070788 0.0540634977640138 0.0540634977640138
0.00022399999999995 0.0226847401811564 0.0541222322124347 0.0541222322124347
0.000224999999999953 0.0227834978967095 0.0541809504144602 0.0541809504144602
0.000226000000000042 0.0228822287893537 0.0542396524148539 0.0542396524148539
0.000226999999999993 0.0229809328950161 0.0542983382580955 0.0542983382580956
0.000228000000000029 0.0230796102497777 0.0543570079882404 0.0543570079882404
0.000228999999999926 0.0231782608900053 0.0544156616489547 0.0544156616489547
0.000229999999999904 0.0232768848520224 0.0544742992832672 0.0544742992832672
0.000230999999999963 0.0233754821721466 0.0545329209335489 0.0545329209335489
0.000232000000000103 0.0234740528865906 0.054591526641411 0.054591526641411
0.000233000000000099 0.023572597031384 0.0546501164476196 0.0546501164476196
0.000233999999999951 0.023671114642155 0.0547086903919211 0.0547086903919211
0.000235000000000102 0.02376960575421 0.0547672485130563 0.0547672485130563
0.000236000000000107 0.0238680704024411 0.0548257908486742 0.0548257908486742
0.000236999999999964 0.0239665086210933 0.0548843174351568 0.0548843174351568
0.000237999999999896 0.0240649204423264 0.0549428283076539 0.0549428283076539
0.000238999999999901 0.0241633059001363 0.0550013234999372 0.0550013234999373
0.000239999999999977 0.0242616650272765 0.0550598030443801 0.0550598030443801
0.000240999999999902 0.0243599978550738 0.0551182669718299 0.0551182669718299
0.000241999999999898 0.0244583044139309 0.0551767153115857 0.0551767153115857
0.000242999999999962 0.0245565847333604 0.0552351480913843 0.0552351480913843
0.000244000000000094 0.0246548388417887 0.0552935653372848 0.0552935653372848
0.000245000000000071 0.0247530667665221 0.0553519670736299 0.0553519670736299
0.000245999999999892 0.0248512685337034 0.0554103533230107 0.0554103533230107
0.000247 0.0249494441683047 0.0554687241062561 0.0554687241062561
0.000247999999999949 0.0250475936940762 0.0555270794423963 0.0555270794423963
0.000248999999999962 0.0251457171333264 0.0555854193485336 0.0555854193485336
0.000250000000000036 0.025243814507165 0.0556437438399821 0.055643743839982
0.00025099999999995 0.0253418858352875 0.0557020529301421 0.0557020529301422
0.000251999999999923 0.0254399311358851 0.0557603466304595 0.0557603466304595
0.000252999999999955 0.025537950425809 0.055818624950528 0.055818624950528
0.000254000000000045 0.0256359437204147 0.0558768878980052 0.0558768878980052
0.00025499999999997 0.0257339110335423 0.0559351354786167 0.0559351354786167
0.000255999999999951 0.0258318523774745 0.0559933676961427 0.0559933676961427
0.000256999999999987 0.0259297677630254 0.0560515845524922 0.0560515845524922
0.000258000000000077 0.0260276571994804 0.0561097860476861 0.0561097860476861
0.000258999999999997 0.0261255206945339 0.0561679721798412 0.0561679721798412
0.00025999999999997 0.0262233582542833 0.0562261429451867 0.0562261429451866
0.000260999999999993 0.0263211698833876 0.056284298338194 0.056284298338194
0.000262000000000066 0.0264189555849017 0.0563424383514993 0.0563424383514994
0.000262999999999967 0.0265167153603107 0.0564005629759559 0.0564005629759559
0.000263999999999915 0.0266144492095864 0.0564586722006981 0.0564586722006982
0.00026499999999991 0.0267121571311865 0.0565167660131752 0.0565167660131752
0.000265999999999951 0.026809839122106 0.0565748443992173 0.0565748443992173
0.000267000000000037 0.0269074951778317 0.056632907343043 0.056632907343043
0.000267999999999944 0.0270051252924104 0.0566909548273403 0.0566909548273403
0.000268999999999895 0.0271027294584335 0.0567489868332938 0.0567489868332939
0.000270000000000109 0.0272003076671438 0.0568070033406904 0.0568070033406904
0.000270999999999921 0.0272978599084564 0.0568650043279731 0.0568650043279731
0.000271999999999994 0.0273953861708216 0.0569229897721979 0.0569229897721979
0.000273000000000106 0.0274928864415968 0.0569809596493101 0.0569809596493101
0.000274000000000034 0.0275903607068026 0.0570389139340268 0.0570389139340268
0.000274999999999999 0.0276878089512593 0.0570968525999741 0.0570968525999741
0.000276 0.0277852311587188 0.0571547756198051 0.0571547756198051
0.000277000000000036 0.0278826273117618 0.0572126829651918 0.0572126829651918
0.000278000000000106 0.0279799973919829 0.0572705746069733 0.0572705746069733
0.000278999999999986 0.0280773413799479 0.0573284505151815 0.0573284505151815
0.000279999999999899 0.0281746592553331 0.0573863106591657 0.0573863106591657
0.000281000000000064 0.0282719509969413 0.0574441550076544 0.0574441550076544
0.000282000000000038 0.0283692165827609 0.057501983528833 0.057501983528833
0.00028300000000004 0.0284664559899819 0.0575597961903999 0.0575597961904
0.00028400000000007 0.0285636691951491 0.0576175929597062 0.0576175929597062
0.000284999999999905 0.0286608561741948 0.0576753738038131 0.0576753738038131
0.000285999999999988 0.0287580169024441 0.0577331386895477 0.0577331386895477
0.000287000000000096 0.0288551513547944 0.0577908875836501 0.0577908875836501
0.000288000000000005 0.02895225950565 0.0578486204527783 0.0578486204527783
0.000288999999999938 0.0290493413290211 0.0579063372636101 0.0579063372636102
0.000289999999999893 0.0291463967987023 0.0579640379829906 0.0579640379829906
0.00029100000000009 0.0292434258882472 0.0580217225779574 0.0580217225779574
0.000292000000000085 0.0293404285709861 0.0580793910157912 0.0580793910157912
0.000293000000000099 0.0294374048201834 0.0581370432641471 0.0581370432641471
0.00029399999999991 0.0295343546090512 0.0581946792911 0.0581946792911
0.000294999999999959 0.029631277910809 0.0582522990652155 0.0582522990652155
0.000296000000000023 0.0297281746988415 0.0583099025556785 0.0583099025556785
0.000297000000000103 0.0298250449466554 0.0583674897323001 0.0583674897323001
0.000297999999999975 0.0299218886279377 0.0584250605655826 0.0584250605655826
0.000299000000000082 0.0300187057166761 0.0584826150268219 0.0584826150268219
0.000299999999999978 0.0301154961872676 0.0585401530881974 0.0585401530881974
0.000301000000000107 0.0302122600143804 0.0585976747227196 0.0585976747227197
0.000302000000000025 0.0303089971732885 0.0586551799044524 0.0586551799044524
0.000302999999999951 0.0304057076396274 0.0587126686083877 0.0587126686083877
0.000304000000000107 0.0305023913897231 0.0587701408106638 0.0587701408106638
0.000305000000000048 0.0305990484004548 0.0588275964885023 0.0588275964885023
0.000305999999999995 0.030695678649374 0.0588850356202971 0.0588850356202971
0.000306999999999947 0.0307922821147812 0.0589424581856667 0.0589424581856667
0.000307999999999902 0.0308888587757135 0.058999864165472 0.058999864165472
0.000309000000000083 0.0309854086119926 0.0590572535418473 0.0590572535418474
0.000310000000000043 0.0310819316043533 0.0591146262982878 0.0591146262982878
0.000311000000000005 0.0311784277343428 0.0591719824195985 0.0591719824195985
0.000311999999999966 0.0312748969844722 0.0592293218919817 0.0592293218919817
0.000312999999999926 0.031371339338202 0.0592866447030351 0.0592866447030351
0.000314000000000106 0.0314677547799769 0.0593439508417811 0.0593439508417811
0.000315000000000061 0.0315641432952743 0.0594012402986821 0.0594012402986821
0.000316000000000012 0.0316605048705697 0.0594585130656238 0.0594585130656238
0.000316999999999958 0.0317568394934256 0.0595157691359596 0.0595157691359596
0.000317999999999897 0.0318531471525083 0.0595730085045133 0.0595730085045133
0.000319000000000052 0.0319494278375489 0.0596302311675492 0.0596302311675492
0.000319999999999976 0.0320456815394642 0.0596874371228311 0.0596874371228311
0.000320999999999892 0.0321419082501798 0.059744626369503 0.059744626369503
0.000322000000000019 0.0322381079628704 0.0598017989082236 0.0598017989082236
0.000322999999999913 0.0323342806718079 0.0598589547410496 0.0598589547410496
0.000324000000000017 0.032430426372394 0.0599160938714448 0.0599160938714448
0.000325000000000108 0.0325265450612056 0.0599732163042848 0.0599732163042848
0.000325999999999963 0.0326226367359632 0.0600303220458143 0.0600303220458142
0.000327000000000024 0.0327187013954674 0.0600874111035953 0.0600874111035953
0.00032800000000007 0.0328147390397638 0.0601444834865683 0.0601444834865683
0.000329000000000098 0.0329107496699284 0.0602015392049082 0.0602015392049083
0.000330000000000109 0.0330067332881651 0.0602585782700525 0.0602585782700525
0.0003310000000001 0.0331026898977821 0.0603156006946591 0.0603156006946591
0.000332000000000071 0.0331986195031483 0.0603726064925501 0.0603726064925501
0.000333000000000021 0.0332945221096996 0.0604295956786873 0.0604295956786874
0.000333999999999949 0.0333903977238867 0.0604865682691073 0.0604865682691073
0.000335000000000076 0.033486246353169 0.0605435242808872 0.0605435242808872
0.000335999999999957 0.0335820680060056 0.060600463732105 0.0606004637321051
0.000337000000000035 0.033677862691743 0.0606573866417387 0.0606573866417387
0.000338000000000086 0.0337736304207421 0.0607142930297107 0.0607142930297107
0.000339000000000111 0.0338693712041017 0.0607711829166828 0.0607711829166828
0.000340000000000107 0.033965085053782 0.0608280563241076 0.0608280563241076
0.000341000000000074 0.0340607719825916 0.0608849132741626 0.0608849132741625
0.000342000000000011 0.0341564320041497 0.0609417537897006 0.0609417537897006
0.000342999999999917 0.0342520651327954 0.0609985778941619 0.0609985778941619
0.000344000000000013 0.0343476713835765 0.0610553856115289 0.0610553856115289
0.000345000000000076 0.0344432507721956 0.0611121769662547 0.0611121769662547
0.000346000000000105 0.0345388033148891 0.0611689519831635 0.0611689519831635
0.000347000000000098 0.0346343290284817 0.0612257106874358 0.0612257106874358
0.000348000000000056 0.034729827930352 0.0612824531045587 0.0612824531045587
0.000348999999999976 0.0348253000382935 0.0613391792602015 0.0613391792602015
0.00035000000000008 0.0349207453705 0.0613958891801764 0.0613958891801764
0.000350999999999923 0.0350161639456035 0.0614525828904225 0.0614525828904225
0.000351999999999948 0.0351115557824528 0.061509260416841 0.061509260416841
0.000352999999999932 0.0352069209002544 0.061565921785345 0.061565921785345
0.000354000000000096 0.035302259318374 0.0616225670217072 0.0616225670217072
0.000354999999999995 0.0353975710563823 0.0616791961515549 0.0616791961515549
0.000356000000000071 0.0354928561338814 0.0617358092002357 0.0617358092002357
0.000357000000000103 0.0355881145706594 0.0617924061928779 0.0617924061928779
0.000358000000000088 0.0356833463864656 0.0618489871542264 0.0618489871542264
0.000359000000000027 0.0357785516010224 0.0619055521086248 0.0619055521086248
0.000359999999999917 0.03587373023396 0.0619621010799437 0.0619621010799437
0.00036099999999998 0.0359688823047882 0.0620186340915417 0.0620186340915417
0.000361999999999993 0.0360640078328645 0.0620751511662188 0.0620751511662188
0.000362999999999955 0.0361591068372914 0.0621316523261314 0.0621316523261314
0.000364000000000086 0.0362541793369087 0.0621881375927692 0.0621881375927692
0.000364999999999943 0.036349225350319 0.0622446069869456 0.0622446069869456
0.000365999999999967 0.0364442448956312 0.0623010605286263 0.0623010605286263
0.000366999999999937 0.0365392379906741 0.0623574982370381 0.0623574982370381
0.000368000000000072 0.0366342046527938 0.062413920130532 0.062413920130532
0.000368999999999928 0.036729144898894 0.0624703262265924 0.0624703262265924
0.000369999999999948 0.036824058745257 0.0625267165417141 0.0625267165417141
0.000370999999999909 0.0369189462077599 0.062583091091525 0.062583091091525
0.000372000000000032 0.0370138073015736 0.0626394498905924 0.0626394498905924
0.000373000000000094 0.0371086420413368 0.0626957929525177 0.0626957929525177
0.000374000000000093 0.0372034504409436 0.0627521202898037 0.0627521202898037
0.00037500000000003 0.0372982325136951 0.0628084319139401 0.0628084319139401
0.000375999999999902 0.0373929882721422 0.0628647278353064 0.0628647278353065
0.000376999999999932 0.0374877177280755 0.0629210080631616 0.0629210080631617
0.000377999999999895 0.0375824208926383 0.0629772726057092 0.0629772726057091
0.000379000000000013 0.037677097776084 0.0630335214699397 0.0630335214699397
0.000380000000000063 0.0377717483879829 0.0630897546617902 0.0630897546617902
0.000381000000000044 0.0378663727369254 0.0631459721859585 0.0631459721859585
0.000381999999999954 0.0379609708307658 0.0632021740460523 0.0632021740460523
0.000383000000000016 0.0380555426765005 0.0632583602445225 0.0632583602445225
0.000384000000000005 0.0381500882802748 0.0633145307826751 0.063314530782675
0.000384999999999922 0.0382446076473521 0.0633706856606649 0.0633706856606649
0.000385999999999986 0.0383391007821049 0.0634268248775054 0.0634268248775054
0.000386999999999975 0.0384335676880769 0.0634829484311119 0.0634829484311119
0.00038800000000011 0.0385280083678885 0.063539056318264 0.063539056318264
0.000388999999999946 0.0386224228232982 0.0635951485346587 0.0635951485346586
0.000389999999999926 0.0387168110551775 0.0636512250749093 0.0636512250749092
0.000391000000000048 0.0388111730635449 0.0637072859325896 0.0637072859325895
0.000392000000000091 0.0389055088475625 0.0637633311002459 0.0637633311002459
0.000393000000000052 0.0389998184054737 0.0638193605693884 0.0638193605693884
0.000393999999999932 0.0390941017346959 0.0638753743305595 0.0638753743305595
0.00039499999999995 0.0391883588318413 0.0639313723733717 0.0639313723733717
0.000396000000000106 0.0392825896926798 0.0639873546865143 0.0639873546865143
0.000396999999999955 0.0393767943121898 0.0640433212578023 0.0640433212578023
0.00039799999999994 0.0394709726845053 0.0640992720741746 0.0640992720741746
0.00039900000000006 0.0395651248030459 0.0641552071217953 0.0641552071217953
0.000400000000000091 0.0396592506604859 0.0642111263860641 0.0642111263860641
0.000401000000000034 0.0397533502487257 0.0642670298516251 0.0642670298516251
0.000402000000000108 0.0398474235590031 0.0643229175024627 0.0643229175024627
0.000403000000000092 0.0399414705818897 0.064378789321925 0.064378789321925
0.000403999999999983 0.040035491307252 0.064434645292739 0.064434645292739
0.000405000000000003 0.0401294857244015 0.0644904853971165 0.0644904853971165
0.000405999999999929 0.0402234538220571 0.0645463096167686 0.0645463096167686
0.000406999999999982 0.0403173955883514 0.064602117932939 0.064602117932939
0.000407999999999938 0.0404113110109245 0.0646579103264886 0.0646579103264887
0.00040900000000002 0.0405052000768832 0.0647136867779012 0.0647136867779012
0.000410000000000003 0.0405990627729252 0.0647694472673866 0.0647694472673866
0.00041100000000011 0.0406928990852988 0.0648251917748891 0.0648251917748891
0.000411999999999894 0.0407867089998977 0.0648809202801739 0.0648809202801739
0.000413000000000021 0.0408804925022153 0.0649366327628231 0.0649366327628231
0.000414000000000046 0.0409742495775216 0.0649923292023751 0.0649923292023752
0.000414999999999968 0.0410679802107093 0.065048009578261 0.065048009578261
0.000416000000000008 0.041161684386498 0.0651036738699535 0.0651036738699535
0.000416999999999942 0.0412553620894348 0.0651593220569966 0.0651593220569967
0.000417999999999993 0.041349013303855 0.0652149541190069 0.065214954119007
0.000418999999999936 0.0414426380140305 0.0652705700357898 0.0652705700357898
0.000419999999999993 0.041536236204088 0.0653261697873159 0.0653261697873159
0.000420999999999941 0.041629807858193 0.0653817533538554 0.0653817533538554
0.000422000000000001 0.0417233529604308 0.0654373207159329 0.0654373207159329
0.00042299999999995 0.0418168714950014 0.0654928718544643 0.0654928718544644
0.000424000000000009 0.0419103634460905 0.0655484067507038 0.0655484067507038
0.000424999999999955 0.0420038287980979 0.0656039253864002 0.0656039253864002
0.000426000000000008 0.0420972675354675 0.0656594277437173 0.0656594277437173
0.000426999999999947 0.0421906796429221 0.0657149138053911 0.0657149138053911
0.000427999999999991 0.042284065105333 0.0657703835546718 0.0657703835546718
0.000428999999999918 0.0423774239078865 0.0658258369754389 0.0658258369754389
0.000429999999999949 0.042470756036001 0.0658812740521683 0.0658812740521683
0.000431000000000083 0.0425640614754728 0.0659366947700328 0.0659366947700328
0.000432000000000097 0.0426573402123974 0.0659920991148695 0.0659920991148695
0.00043299999999999 0.0427505922332732 0.0660474870732528 0.0660474870732527
0.000433999999999982 0.0428438175250139 0.0661028586325128 0.0661028586325128
0.000435000000000074 0.0429370160750116 0.0661582137807829 0.0661582137807828
0.000436000000000041 0.0430301878710908 0.0662135525069785 0.0662135525069785
0.000437000000000105 0.0431233329015608 0.0662688748008369 0.0662688748008368
0.000438000000000043 0.0432164511552843 0.0663241806529634 0.0663241806529634
0.000439000000000076 0.0433095426216203 0.0663794700548009 0.0663794700548009
0.000439999999999981 0.0434026072905401 0.0664347429987022 0.0664347429987022
0.000440999999999978 0.0434956451525855 0.0664899994779061 0.0664899994779061
0.000442000000000068 0.0435886561988869 0.066545239486547 0.066545239486547
0.000443000000000026 0.0436816404212054 0.0666004630196809 0.0666004630196809
0.000444000000000075 0.0437745978118862 0.0666556700732529 0.0666556700732529
0.00044499999999999 0.0438675283640438 0.0667108606442086 0.0667108606442086
0.000445999999999993 0.043960432071287 0.0667660347303121 0.0667660347303121
0.000447000000000083 0.0440533089280422 0.0668211923303497 0.0668211923303497
0.000448000000000037 0.044146158929317 0.0668763334439687 0.0668763334439687
0.000449000000000075 0.0442389820708086 0.066931458071738 0.066931458071738
0.000449999999999976 0.0443317783489786 0.0669865662151805 0.0669865662151805
0.000450999999999959 0.0444245477608793 0.0670416578766591 0.0670416578766592
0.000452000000000024 0.0445172903043457 0.0670967330594792 0.0670967330594792
0.000452999999999949 0.0446100059778728 0.0671517917678016 0.0671517917678016
0.000453999999999953 0.0447026947805959 0.0672068340066167 0.0672068340066166
0.000455000000000035 0.0447953567124014 0.0672618597817863 0.0672618597817863
0.000455999999999974 0.044887991773866 0.0673168691000095 0.0673168691000095
0.00045699999999999 0.0449805999661523 0.0673718619687266 0.0673718619687266
0.000458000000000081 0.0450731812911937 0.0674268383962162 0.0674268383962162
0.000459000000000026 0.0451657357515421 0.0674817983914858 0.0674817983914857
0.000460000000000044 0.0452582633503598 0.0675367419642465 0.0675367419642465
0.000460999999999913 0.0453507640914659 0.0675916691249198 0.0675916691249198
0.000462000000000076 0.0454432379793043 0.0676465798845961 0.0676465798845961
0.000463000000000088 0.045535685018961 0.0677014742550252 0.0677014742550252
0.000463999999999948 0.0456281052160095 0.0677563522485006 0.0677563522485006
0.000465000000000098 0.0457204985766339 0.0678112138779087 0.0678112138779087
0.000466000000000095 0.0458128651076257 0.0678660591567049 0.0678660591567049
0.000466999999999936 0.0459052048161951 0.0679208880987772 0.0679208880987772
0.000468000000000065 0.045997517710133 0.0679757007185172 0.0679757007185173
0.000469000000000037 0.0460898037976789 0.0680304970307191 0.0680304970307191
0.000470000000000073 0.0461820630875029 0.0680852770505428 0.0680852770505428
0.00047099999999995 0.0462742955887711 0.0681400407935282 0.0681400407935282
0.00047200000000011 0.0463665013109785 0.0681947882754721 0.0681947882754722
0.00047300000000011 0.046458680264069 0.0682495195124737 0.0682495195124737
0.000473999999999947 0.0465508324582869 0.0683042345208214 0.0683042345208214
0.000475000000000066 0.0466429579041769 0.0683589333169691 0.0683589333169692
0.00047600000000002 0.0467350566126512 0.0684136159175505 0.0684136159175505
0.000477000000000031 0.0468271285947924 0.0684682823392389 0.0684682823392389
0.000478000000000097 0.0469191738620138 0.0685229325988178 0.0685229325988178
0.000478999999999997 0.0470111924258577 0.0685775667130368 0.0685775667130369
0.000479999999999951 0.0471031842980551 0.0686321846986252 0.0686321846986252
0.000480999999999957 0.0471951494904945 0.0686867865722502 0.0686867865722502
0.000482000000000016 0.0472870880151849 0.068741372350472 0.068741372350472
0.000482999999999903 0.0473789998841707 0.0687959420496725 0.0687959420496725
0.000484000000000062 0.0474708851095678 0.0688504956860537 0.0688504956860537
0.000485000000000048 0.0475627437035405 0.0689050332756091 0.0689050332756091
0.000486000000000081 0.047654575678194 0.0689595548340318 0.0689595548340318
0.00048699999999994 0.0477463810456103 0.0690140603767224 0.0690140603767224
0.000488000000000066 0.0478381598178035 0.0690685499187471 0.0690685499187471
0.000489000000000016 0.0479299120066995 0.0691230234747998 0.0691230234747998
0.000490000000000009 0.048021637624036 0.0691774810591323 0.0691774810591323
0.000491000000000045 0.0481133366814455 0.0692319226855836 0.0692319226855837
0.000491999999999901 0.0482050091903425 0.0692863483675099 0.0692863483675099
0.00049300000000002 0.0482966551619419 0.0693407581177677 0.0693407581177677
0.000493999999999956 0.0483882746072375 0.0693951519486935 0.0693951519486935
0.000494999999999932 0.0484798675368914 0.0694495298720284 0.0694495298720284
0.000495999999999945 0.04857143396134 0.0695038918989707 0.0695038918989707
0.000496999999999995 0.048662973890649 0.0695582380400722 0.0695582380400721
0.000498000000000081 0.0487544873345759 0.0696125683052854 0.0696125683052853
0.00049899999999998 0.0488459743025074 0.0696668827038988 0.0696668827038988
0.000499999999999913 0.0489374348034149 0.0697211812445159 0.069721181244516
