436.864572 57.10648 0.000117642571104019 1.02375897546571e-05 0 0.133 0
436.9082584572 57.10648 0.0931870625953348 0.0930591824344761 9.99950003332973e-05 0.129 5.84196703665292e-16
436.9519449144 57.10648 0.039082927596719 0.0389674208666962 0.000199980002666245 0.209 3.62709370803795e-16
436.9956313716 57.10648 0.0202024412037445 0.0200869344736518 0.000299955008997942 0.231 3.62709370984195e-16
437.0393178288 57.10648 -0.00318157939917811 0.00329708612920052 0.000399920021326891 0.248 3.62709370640545e-16
437.083004286 57.10648 -0.00631751343059002 0.00643302016052652 0.000499875041650993 0.245 3.62709370717403e-16
436.864572 57.10648 0.000104013424751954 2.38432223555764e-05 0 0.134 0
436.9082584572 57.10648 0.0939080914912781 0.0937802348441706 9.99950003332973e-05 0.128 3.99931499894421e-16
436.9519449144 57.10648 0.379978709399882 0.379855490494222 0.000199980002666245 0.131 2.63856231077227e-16
436.9956313716 57.10648 0.0180409327015895 0.0179177137981464 0.000299955008997942 0.232 2.63856230167344e-16
437.0393178288 57.10648 -0.00342319873842703 0.00354641764225251 0.000399920021326891 0.244 2.63856230856424e-16
437.083004286 57.10648 -0.00640372434965331 0.00652694325349661 0.000499875041650993 0.247 2.63856230633833e-16
