# Fix print output for fix def1
0 -1.27555028750832e-08 0.0931856303905903 0.0931856303905902
9.99999999962017e-07 -1.27545676114574e-08 0.0931855372057918 0.0931855372057918
2.00000000001193e-06 0.000239051909838078 0.093328161658466 0.0933281616584659
2.99999999992671e-06 0.000478115794454294 0.0934707845834005 0.0934707845834006
3.99999999992738e-06 0.000717177269204071 0.0936134047927741 0.093613404792774
5.00000000001296e-06 0.000956234706204104 0.0937560211007801 0.09375602110078
5.99999999996039e-06 0.0011952864807973 0.0938986323245063 0.0938986323245063
6.99999999999072e-06 0.0014343309725636 0.094041237284852 0.0940412372848519
8.00000000010295e-06 0.00167336656676277 0.0941838348077116 0.0941838348077116
9.00000000007404e-06 0.00191239165490934 0.0943264237246271 0.094326423724627
9.99999999990298e-06 0.002151404636265 0.0944690028739803 0.0944690028739803
1.10000000000329e-05 0.00239040391864548 0.0946115711017837 0.0946115711017837
1.20000000000186e-05 0.0026293879197776 0.0947541272627816 0.0947541272627817
1.30000000000813e-05 0.0028683550678224 0.0948966702210583 0.0948966702210583
1.39999999999978e-05 0.00310730380293176 0.0950391988512552 0.0950391988512552
1.49999999999892e-05 0.00334623257780461 0.0951817120391775 0.0951817120391775
1.60000000000545e-05 0.00358513985912123 0.095324208682937 0.095324208682937
1.69999999999706e-05 0.00382402412816853 0.0954666876935826 0.0954666876935825
1.79999999999587e-05 0.00406288388190083 0.0956091479959896 0.0956091479959896
1.90000000000176e-05 0.00430171763396877 0.0957515885297407 0.0957515885297407
1.99999999999245e-05 0.00454052391551432 0.0958940082498413 0.0958940082498413
2.09999999999002e-05 0.00477930127604059 0.0960364061274648 0.0960364061274647
2.19999999999438e-05 0.00501804828444084 0.0961787811507987 0.0961787811507986
2.30000000000543e-05 0.00525676352963578 0.0963211323256435 0.0963211323256435
2.40000000000087e-05 0.00549544562153602 0.0964634586761917 0.0964634586761916
2.50000000000279e-05 0.00573409319174118 0.0966057592456444 0.0966057592456444
2.59999999998891e-05 0.00597270489440981 0.0967480330969133 0.0967480330969132
2.70000000000351e-05 0.00621127940676595 0.0968902793131026 0.0968902793131026
2.80000000000211e-05 0.00644981543016846 0.0970324969983075 0.0970324969983075
2.90000000000679e-05 0.00668831169036383 0.0971746852779227 0.0971746852779227
2.99999999999526e-05 0.00692676693837044 0.0973168432993079 0.0973168432993079
3.09999999998962e-05 0.00716517995108829 0.097458970232282 0.097458970232282
3.19999999998977e-05 0.00740354953177918 0.0976010652695287 0.0976010652695287
3.2999999999956e-05 0.00764187451069977 0.0977431276270766 0.0977431276270766
3.40000000000703e-05 0.00788015374554934 0.0978851565446649 0.097885156544665
3.50000000000175e-05 0.00811838612190334 0.0980271512860777 0.0980271512860777
3.60000000000185e-05 0.00835657055371237 0.0981691111395106 0.0981691111395107
3.70000000000724e-05 0.00859470598374203 0.0983110354178898 0.0983110354178898
3.79999999999562e-05 0.00883279138391346 0.0984529234591153 0.0984529234591153
3.89999999998909e-05 0.00907082575548586 0.0985947746262101 0.0985947746262101
4.00000000000976e-05 0.00930880812962723 0.0987365883076567 0.0987365883076567
4.0999999999909e-05 0.00954673756753268 0.0988783639174854 0.0988783639174853
4.19999999999904e-05 0.00978461316038486 0.0990201008952452 0.0990201008952452
4.29999999998967e-05 0.0100224340302174 0.0991617987064946 0.0991617987064946
4.40000000000708e-05 0.0102601993293412 0.0993034568424258 0.0993034568424257
4.50000000000679e-05 0.0104979082409333 0.0994450748201592 0.0994450748201592
4.60000000001088e-05 0.0107355599788114 0.0995866521825629 0.0995866521825629
4.69999999999706e-05 0.0109731537876972 0.0997281884983358 0.0997281884983357
4.80000000000964e-05 0.0112106889431002 0.0998696833618521 0.099869683361852
4.9000000000041e-05 0.0114481647513978 0.100011136393118 0.100011136393118
5.00000000000255e-05 0.0116855805495593 0.100152547237496 0.100152547237496
5.10000000000489e-05 0.0119229357054242 0.100293915565759 0.100293915565759
5.20000000001102e-05 0.0121602296171332 0.100435241073615 0.100435241073614
5.29999999999863e-05 0.0123974617132804 0.100576523481664 0.100576523481664
5.39999999998984e-05 0.0126346314524135 0.100717762534943 0.100717762534943
5.50000000000674e-05 0.0128717383232446 0.100858958002901 0.100858958002901
5.60000000000482e-05 0.01310878184397 0.10100010967881 0.10100010967881
5.7000000000062e-05 0.0133457615620999 0.101141217379492 0.101141217379492
5.80000000001076e-05 0.0135826770542221 0.101282280944988 0.101282280944988
5.89999999999622e-05 0.0138195279256065 0.101423300238118 0.101423300238118
6.00000000000686e-05 0.0140563138097009 0.10156427514398 0.10156427514398
6.09999999999819e-05 0.0142930343679277 0.101705205569611 0.101705205569611
6.19999999999231e-05 0.0145296892889549 0.101846091443329 0.101846091443329
6.29999999998912e-05 0.0147662782885523 0.101986932714422 0.101986932714422
6.40000000001072e-05 0.0150028011088385 0.102127729352457 0.102127729352457
6.49999999999041e-05 0.0152392575180186 0.102268481346888 0.102268481346888
6.59999999999469e-05 0.0154756473093889 0.102409188706208 0.102409188706208
6.70000000000126e-05 0.0157119703013821 0.102549851457729 0.102549851457729
6.80000000001002e-05 0.0159482263364374 0.10269046964664 0.10269046964664
6.89999999999866e-05 0.0161844152808092 0.102831043335642 0.102831043335642
6.9999999999893e-05 0.0164205370235222 0.102971572604053 0.102971572604053
7.10000000000402e-05 0.0166565914761982 0.103112057547438 0.103112057547438
7.19999999999834e-05 0.0168925785721222 0.103252498276774 0.103252498276774
7.29999999999434e-05 0.0171284982653473 0.10339289491765 0.10339289491765
7.39999999999194e-05 0.0173643505305661 0.103533247609908 0.103533247609908
7.49999999999102e-05 0.017600135361909 0.103673556506655 0.103673556506655
7.59999999999149e-05 0.0178358527725468 0.103813821773736 0.103813821773736
7.69999999999326e-05 0.0180715027936784 0.103954043588868 0.103954043588868
7.79999999999621e-05 0.0183070854740288 0.104094222141052 0.104094222141052
7.90000000000025e-05 0.0185426008790343 0.104234357629818 0.104234357629818
8.00000000000528e-05 0.0187780490900424 0.104374450264463 0.104374450264463
8.099999999989e-05 0.0190134302035913 0.104514500263354 0.104514500263354
8.19999999999571e-05 0.0192487443305741 0.104654507853158 0.104654507853158
8.30000000000311e-05 0.0194839915956763 0.104794473268234 0.104794473268235
8.4000000000111e-05 0.0197191721363052 0.104934396749737 0.104934396749737
8.49999999999738e-05 0.0199542861021405 0.10507427854508 0.10507427854508
8.60000000000625e-05 0.0201893336539451 0.105214118906974 0.105214118906974
8.69999999999321e-05 0.0204243149634661 0.105353918093114 0.105353918093114
8.80000000000255e-05 0.0206592302118103 0.105493676364967 0.105493676364967
8.89999999998979e-05 0.0208940795892227 0.105633393987486 0.105633393987486
8.99999999999922e-05 0.0211288632943179 0.105773071228193 0.105773071228192
9.10000000000854e-05 0.0213635815336121 0.105912708356739 0.105912708356739
9.19999999999544e-05 0.0215982345199262 0.106052305643892 0.106052305643892
9.30000000000424e-05 0.0218328224722028 0.10619186336112 0.10619186336112
9.39999999999042e-05 0.0220673456148582 0.106331381779988 0.106331381779988
9.4999999999983e-05 0.022301804176658 0.106470861171297 0.106470861171297
9.60000000000557e-05 0.0225361983904691 0.10661030180473 0.10661030180473
9.69999999998992e-05 0.0227705284922274 0.106749703948066 0.106749703948066
9.79999999999567e-05 0.0230047947203523 0.106889067866654 0.106889067866654
9.9000000000005e-05 0.0232389973153245 0.107028393822993 0.107028393822993
0.000100000000000043 0.0234731365185006 0.10716768207587 0.10716768207587
0.00010100000000007 0.0237072125720266 0.107306932880166 0.107306932880166
0.000102000000000085 0.0239412257178532 0.107446146486125 0.107446146486125
0.000103000000000087 0.0241751761973068 0.107585323138977 0.107585323138977
0.000104000000000075 0.0244090642503988 0.107724463078409 0.107724463078409
0.000105000000000048 0.0246428901153547 0.107863566538175 0.107863566538175
0.000106000000000005 0.0248766540280141 0.108002633745642 0.108002633745642
0.000106999999999944 0.0251103562213406 0.108141664921416 0.108141664921416
0.000108000000000088 0.0253439969247638 0.10828066027887 0.10828066027887
0.00010899999999999 0.0255775763639444 0.108419620023943 0.108419620023943
0.000110000000000094 0.0258110947600281 0.108558544354636 0.108558544354636
0.000110999999999955 0.0260445523294427 0.108697433460853 0.108697433460853
0.000112000000000016 0.0262779492832677 0.108836287523994 0.108836287523994
0.000113000000000054 0.0265112858270645 0.108975106716816 0.108975106716816
0.000114000000000068 0.026744562160256 0.109113891203073 0.109113891203073
0.000115000000000057 0.0269777784759029 0.109252641137372 0.109252641137372
0.000116000000000019 0.0272109349604176 0.10939135666501 0.10939135666501
0.000116999999999955 0.0274440317931322 0.109530037921728 0.109530037921728
0.000118000000000084 0.0276770691460536 0.10966868503362 0.10966868503362
0.000118999999999963 0.0279100471836632 0.109807298117031 0.109807298117031
0.000120000000000033 0.0281429660625272 0.10994587727837 0.10994587727837
0.000121000000000072 0.0283758259313704 0.110084422614244 0.110084422614244
0.000122000000000079 0.0286086269304882 0.110222934211141 0.110222934211141
0.000123000000000053 0.0288413691919311 0.110361412145638 0.110361412145638
0.000123999999999993 0.02907405283911 0.110499856484239 0.110499856484239
0.000124999999999897 0.0293066779868816 0.110638267283545 0.110638267283545
0.000125999999999988 0.0295392447412976 0.110776644590186 0.110776644590186
0.000127000000000042 0.0297717531996364 0.11091498844096 0.11091498844096
0.000128000000000057 0.0300042034501083 0.111053298862778 0.111053298862778
0.000129000000000033 0.0302365955721752 0.111191575872982 0.111191575872982
0.000129999999999969 0.0304689296362647 0.111329819479306 0.111329819479306
0.000131000000000087 0.0307012057039642 0.111468029680141 0.111468029680141
0.00013199999999994 0.0309334238279077 0.11160620646461 0.11160620646461
0.000132999999999972 0.0311655840518424 0.111744349812762 0.111744349812762
0.000133999999999959 0.0313976864108724 0.111882459695884 0.111882459695884
0.000134999999999902 0.0316297309313305 0.112020536076581 0.112020536076581
0.000136000000000021 0.0318617176308569 0.112158578909002 0.112158578909002
0.000137000000000092 0.0320936465189641 0.11229658813935 0.11229658813935
0.000137999999999894 0.0323255175964851 0.112434563705729 0.112434563705729
0.00013900000000009 0.0325573308562376 0.112572505538728 0.112572505538728
0.000140000000000014 0.0327890862832329 0.112710413561731 0.112710413561731
0.000141000000000109 0.0330207838544088 0.112848287690946 0.112848287690946
0.00014199999999993 0.0332524235393864 0.112986127836052 0.112986127836052
0.00014299999999992 0.0334840053001686 0.113123933900211 0.113123933900211
0.000144000000000078 0.0337155290919111 0.113261705780728 0.113261705780728
0.000144999999999959 0.0339469948627612 0.113399443369143 0.113399443369143
0.000146000000000006 0.0341784025540698 0.113537146551559 0.113537146551559
0.000146999999999995 0.034409752101177 0.113674815209336 0.113674815209336
0.000147999999999926 0.0346410434331149 0.113812449219077 0.113812449219077
0.000149000000000021 0.034872276473203 0.113950048453194 0.113950048453194
0.000150000000000055 0.0351034511392431 0.114087612780223 0.114087612780223
0.000151000000000028 0.0353345673438534 0.114225142065223 0.114225142065223
0.000151999999999939 0.0355656249947488 0.114362636170132 0.114362636170132
0.000153000000000009 0.0357966239951654 0.114500094954219 0.114500094954219
0.000154000000000015 0.0360275642440323 0.114637518274373 0.114637518274373
0.000154999999999956 0.0362584456363592 0.114774905985525 0.114774905985525
0.000156000000000052 0.0364892680635992 0.114912257941051 0.114912257941051
0.000157000000000082 0.0367200314140254 0.115049573993169 0.115049573993169
0.000158000000000043 0.0369507355728492 0.1151868539932 0.1151868539932
0.000158999999999936 0.0371813804227611 0.115324097792054 0.115324097792054
0.00015999999999998 0.0374119658442773 0.115461305240609 0.115461305240609
0.000160999999999953 0.037642491716035 0.115598476190052 0.115598476190052
0.000162000000000076 0.0378729579149546 0.115735610492134 0.115735610492134
0.000162999999999904 0.0381033643167992 0.115872707999657 0.115872707999657
0.000164000000000102 0.0383337107964124 0.116009768566764 0.116009768566764
0.000165000000000003 0.0385639972282078 0.116146792049373 0.116146792049373
0.000166000000000049 0.0387942234860321 0.116283778305231 0.116283778305231
0.000167000000000019 0.0390243894440881 0.116420727194595 0.116420727194595
0.000167999999999911 0.0392544949768276 0.116557638580289 0.116557638580289
0.000168999999999945 0.0394845399593979 0.116694512328088 0.116694512328088
0.000169999999999899 0.0397145242679965 0.116831348307035 0.116831348307035
0.000170999999999994 0.0399444477801205 0.116968146389699 0.116968146389699
0.000172000000000007 0.0401743103747315 0.117104906452358 0.117104906452358
0.000172999999999937 0.0404041119326968 0.11724162837536 0.11724162837536
0.000174000000000005 0.0406338523369675 0.117378312043296 0.117378312043296
0.000174999999999988 0.0408635314729533 0.117514957345308 0.117514957345308
0.000176000000000107 0.0410931492286954 0.117651564175249 0.117651564175249
0.000176999999999916 0.0413227054950296 0.117788132431839 0.117788132431839
0.000178000000000082 0.0415522001658366 0.117924662018855 0.117924662018855
0.000178999999999936 0.0417816331385732 0.118061152845505 0.118061152845505
0.000179999999999923 0.0420110043138737 0.118197604826205 0.118197604826205
0.00018100000000004 0.0422403135964799 0.118334017881172 0.118334017881172
0.000182000000000065 0.0424695608947565 0.118470391936141 0.118470391936141
0.000182999999999997 0.0426987461212248 0.118606726922705 0.118606726922705
0.000184000000000057 0.0429278691926476 0.118743022778353 0.118743022778353
0.000185000000000022 0.0431569300302804 0.11887927944662 0.11887927944662
0.00018599999999989 0.0433859285597803 0.11901549687702 0.11901549687702
0.000187000000000106 0.0436148647114673 0.119151675025179 0.119151675025179
0.000188000000000002 0.0438437384205268 0.119287813852927 0.119287813852927
0.00018900000000002 0.0440725496267694 0.119423913328119 0.119423913328119
0.000189999999999938 0.0443012982752007 0.11955997342493 0.11955997342493
0.000190999999999978 0.0445299843156306 0.119695994123573 0.119695994123573
0.000191999999999915 0.044758607703088 0.11983197541049 0.11983197541049
0.000192999999999971 0.044987168397546 0.119967917278121 0.119967917278121
0.000193999999999923 0.0452156663642849 0.120103819725058 0.120103819725058
0.000194999999999992 0.0454441015736148 0.120239682755795 0.120239682755795
0.000195999999999954 0.045672474001048 0.120375506380754 0.120375506380754
0.000197000000000032 0.0459007836272017 0.120511290616142 0.120511290616142
0.000198000000000001 0.0461290304379674 0.120647035483952 0.120647035483952
0.000199000000000084 0.0463572144241141 0.120782741011632 0.120782741011632
0.000200000000000056 0.0465853355816873 0.120918407232221 0.120918407232221
0.000200999999999918 0.046813393911612 0.121054034184004 0.121054034184004
0.000202000000000111 0.0470413894197772 0.121189621910447 0.121189621910447
0.000202999999999969 0.0472693221169975 0.121325170460065 0.121325170460065
0.000203999999999935 0.0474971920186565 0.121460679886082 0.121460679886082
0.000205000000000008 0.0477249991451177 0.12159615024656 0.12159615024656
0.000205999999999964 0.0479527435210805 0.121731581603881 0.121731581603881
0.000207000000000026 0.0481804251757493 0.121866974024727 0.121866974024727
0.00020799999999997 0.0484080441426148 0.122002327579811 0.122002327579811
0.000209000000000016 0.0486356004594239 0.122137642343732 0.122137642343732
0.000209999999999943 0.0488630941679515 0.122272918394696 0.122272918394696
0.00021099999999997 0.0490905253137468 0.122408155814235 0.122408155814235
0.000212000000000097 0.0493178939462324 0.122543354687122 0.122543354687122
0.000213000000000101 0.0495452001183174 0.122678515101004 0.122678515101004
0.000213999999999981 0.0497724438862144 0.122813637146155 0.122813637146155
0.000214999999999958 0.0499996253094576 0.122948720915341 0.122948720915341
0.000216000000000031 0.0502267444405611 0.123083766493468 0.123083766493468
0.000216999999999977 0.0504538013540616 0.123218773986569 0.123218773986569
0.000218000000000016 0.0506807961186846 0.123353743493949 0.123353743493949
0.000218999999999927 0.0509077288050239 0.123488675115667 0.123488675115667
0.000219999999999929 0.051134599485596 0.123623568952727 0.123623568952727
0.000221000000000022 0.0513614082351854 0.123758425107176 0.123758425107176
0.000221999999999984 0.051588155130202 0.123893243681564 0.123893243681564
0.000223000000000034 0.0518148402487148 0.124028024778903 0.124028024778903
0.00022399999999995 0.0520414636703017 0.124162768502381 0.124162768502381
0.000224999999999953 0.0522680254755772 0.124297474954973 0.124297474954973
0.000226000000000042 0.0524945257461932 0.124432144239341 0.124432144239341
0.000226999999999993 0.0527209645646223 0.124566776457561 0.124566776457561
0.000228000000000029 0.0529473420137072 0.124701371710749 0.124701371710749
0.000228999999999926 0.0531736581768616 0.124835930099072 0.124835930099072
0.000229999999999904 0.0533999131374235 0.124970451721253 0.124970451721253
0.000230999999999963 0.0536261069787681 0.125104936674535 0.125104936674535
0.000232000000000103 0.0538522397839791 0.125239385054388 0.125239385054388
0.000233000000000099 0.0540783116356625 0.125373796954304 0.125373796954304
0.000233999999999951 0.0543043226156261 0.125508172465515 0.125508172465515
0.000235000000000102 0.0545302728048089 0.12564251167687 0.125642511676871
0.000236000000000107 0.0547561622833939 0.125776814674823 0.125776814674823
0.000236999999999964 0.0549819911298618 0.125911081542792 0.125911081542792
0.000237999999999896 0.0552077594179894 0.126045312361416 0.126045312361416
0.000238999999999901 0.0554334672258536 0.126179507208226 0.126179507208226
0.000239999999999977 0.055659114628532 0.126313666157453 0.126313666157453
0.000240999999999902 0.0558847016979575 0.126447789279915 0.126447789279915
0.000241999999999898 0.0561102285038483 0.126581876642803 0.126581876642803
0.000242999999999962 0.056335695113939 0.126715928309771 0.126715928309771
0.000244000000000094 0.0565611015934411 0.126849944340602 0.126849944340602
0.000245000000000071 0.0567864480049908 0.126983924791138 0.126983924791138
0.000245999999999892 0.0570117344086309 0.127117869713248 0.127117869713248
0.000247 0.0572369608616198 0.127251779154699 0.127251779154699
0.000247999999999949 0.0574621274183935 0.127385653159121 0.127385653159121
0.000248999999999962 0.0576872341302042 0.127519491765791 0.127519491765791
0.000250000000000036 0.057912281045477 0.127653295009843 0.127653295009843
0.00025099999999995 0.0581372682093002 0.127787062921961 0.127787062921961
0.000251999999999923 0.0583621956635616 0.127920795528496 0.127920795528496
0.000252999999999955 0.0585870634468153 0.128054492851394 0.128054492851394
0.000254000000000045 0.0588118715942883 0.128188154908224 0.128188154908224
0.00025499999999997 0.0590366201377197 0.128321781712111 0.128321781712111
0.000255999999999951 0.0592613091053473 0.128455373271767 0.128455373271767
0.000256999999999987 0.0594859385220003 0.128588929591575 0.128588929591575
0.000258000000000077 0.0597105084088945 0.128722450671538 0.128722450671538
0.000258999999999997 0.059935018783685 0.128855936507328 0.128855936507328
0.00025999999999997 0.0601594696604281 0.128989387090346 0.128989387090346
0.000260999999999993 0.0603838610497614 0.12912280240787 0.12912280240787
0.000262000000000066 0.0606081929586291 0.129256182442968 0.129256182442968
0.000262999999999967 0.0608324653905135 0.129389527174697 0.129389527174697
0.000263999999999915 0.061056678345278 0.129522836578087 0.129522836578087
0.00026499999999991 0.0612808318194609 0.129656110624387 0.129656110624387
0.000265999999999951 0.0615049258060777 0.129789349281034 0.129789349281034
0.000267000000000037 0.0617289602947709 0.129922552511817 0.129922552511817
0.000267999999999944 0.0619529352719123 0.130055720277038 0.130055720277038
0.000268999999999895 0.0621768507204507 0.130188852533494 0.130188852533494
0.000270000000000109 0.0624007066203201 0.130321949234826 0.130321949234826
0.000270999999999921 0.0626245029483138 0.130455010331532 0.130455010331532
0.000271999999999994 0.0628482396779734 0.130588035771003 0.130588035771003
0.000273000000000106 0.0630719167802877 0.130721025498035 0.130721025498035
0.000274000000000034 0.0632955342231724 0.130853979454616 0.130853979454616
0.000274999999999999 0.0635190919717551 0.130986897580212 0.130986897580212
0.000276 0.0637425899887493 0.131119779812079 0.131119779812079
0.000277000000000036 0.0639660282341872 0.131252626085212 0.131252626085212
0.000278000000000106 0.064189406665819 0.131385436332696 0.131385436332696
0.000278999999999986 0.0644127252391263 0.131518210485816 0.131518210485816
0.000279999999999899 0.0646359839073508 0.131650948474176 0.131650948474176
0.000281000000000064 0.0648591826218223 0.131783650226003 0.131783650226003
0.000282000000000038 0.0650823213321158 0.131916315668348 0.131916315668348
0.00028300000000004 0.0653053999858395 0.132048944727067 0.132048944727067
0.00028400000000007 0.0655284185292021 0.13218153732726 0.13218153732726
0.000284999999999905 0.0657513769069518 0.132314093393339 0.132314093393339
0.000285999999999988 0.0659742750624009 0.132446612849148 0.132446612849148
0.000287000000000096 0.0661971129380555 0.132579095618435 0.132579095618435
0.000288000000000005 0.0664198904750792 0.132711541624635 0.132711541624635
0.000288999999999938 0.0666426076139036 0.132843950791331 0.132843950791331
0.000289999999999893 0.0668652642943773 0.132976323042435 0.132976323042435
0.00029100000000009 0.0670878604556998 0.13310865830225 0.13310865830225
0.000292000000000085 0.0673103960368002 0.133240956495766 0.133240956495766
0.000293000000000099 0.0675328709762746 0.133373217548741 0.133373217548741
0.00029399999999991 0.0677552852126106 0.133505441387894 0.133505441387894
0.000294999999999959 0.0679776386843816 0.133637627941113 0.133637627941113
0.000296000000000023 0.0681999313305926 0.133769777137735 0.133769777137735
0.000297000000000103 0.0684221630902825 0.133901888908389 0.133901888908389
0.000297999999999975 0.0686443339031742 0.134033963185453 0.134033963185453
0.000299000000000082 0.0688664437095899 0.134165999903067 0.134165999903067
0.000299999999999978 0.0690884924506213 0.134297998997301 0.134297998997301
0.000301000000000107 0.0693104800682921 0.134429960406315 0.134429960406315
0.000302000000000025 0.0695324065058284 0.134561884070573 0.134561884070573
0.000302999999999951 0.0697542717072785 0.134693769932665 0.134693769932665
0.000304000000000107 0.0699760756183028 0.134825617937829 0.134825617937829
0.000305000000000048 0.0701978181859058 0.134957428033831 0.134957428033831
0.000305999999999995 0.0704194993585002 0.13508920017104 0.13508920017104
0.000306999999999947 0.070641119086307 0.135220934302706 0.135220934302706
0.000307999999999902 0.0708626773211801 0.135352630384879 0.135352630384879
0.000309000000000083 0.0710841740169358 0.135484288376633 0.135484288376633
0.000310000000000043 0.0713056091292277 0.135615908240007 0.135615908240007
0.000311000000000005 0.0715269826157554 0.135747489940158 0.135747489940158
0.000311999999999966 0.071748294436427 0.135879033445447 0.135879033445447
0.000312999999999926 0.0719695445531704 0.136010538727347 0.136010538727347
0.000314000000000106 0.0721907329304082 0.136142005760731 0.136142005760731
0.000315000000000061 0.0724118595347454 0.136273434523669 0.136273434523669
0.000316000000000012 0.0726329243351605 0.136404824997542 0.136404824997542
0.000316999999999958 0.0728539273030668 0.136536177167065 0.136536177167065
0.000317999999999897 0.0730748684124675 0.136667491020367 0.136667491020367
0.000319000000000052 0.073295747639818 0.136798766548881 0.13679876654888
0.000319999999999976 0.0735165649642473 0.136930003747453 0.136930003747453
0.000320999999999892 0.0737373203672509 0.137061202614133 0.137061202614133
0.000322000000000019 0.0739580138330472 0.137192363150346 0.137192363150346
0.000322999999999913 0.074178645348651 0.13732348536091 0.13732348536091
0.000324000000000017 0.0743992149033607 0.137454569253675 0.137454569253675
0.000325000000000108 0.0746197224894714 0.137585614839908 0.137585614839908
0.000325999999999963 0.0748401681015934 0.13771662213384 0.13771662213384
0.000327000000000024 0.0750605517370431 0.137847591152857 0.137847591152857
0.00032800000000007 0.0752808733958962 0.137978521917454 0.137978521917454
0.000329000000000098 0.0755011330806123 0.138109414450966 0.138109414450966
0.000330000000000109 0.0757213307962496 0.13824026877963 0.13824026877963
0.0003310000000001 0.0759414665503924 0.138371084932482 0.138371084932482
0.000332000000000071 0.0761615403530871 0.138501862941247 0.138501862941247
0.000333000000000021 0.0763815522167212 0.13863260284019 0.13863260284019
0.000333999999999949 0.0766015021561879 0.13876330466617 0.13876330466617
0.000335000000000076 0.0768213901885242 0.138893968458309 0.138893968458309
0.000335999999999957 0.0770412163331957 0.139024594258117 0.139024594258117
0.000337000000000035 0.0772609806116356 0.139155182109128 0.139155182109128
0.000338000000000086 0.0774806830475623 0.139285732057007 0.139285732057007
0.000339000000000111 0.0777003236665273 0.139416244149227 0.139416244149227
0.000340000000000107 0.0779199024958841 0.139546718434943 0.139546718434943
0.000341000000000074 0.0781394195650667 0.139677154965063 0.139677154965063
0.000342000000000011 0.0783588749053366 0.139807553792028 0.139807553792028
0.000342999999999917 0.0785782685495562 0.139937914969591 0.139937914969591
0.000344000000000013 0.078797600532269 0.140068238552788 0.140068238552788
0.000345000000000076 0.0790168708894723 0.140198524597705 0.140198524597705
0.000346000000000105 0.079236079658466 0.140328773161319 0.140328773161319
0.000347000000000098 0.0794552268779332 0.140458984301452 0.140458984301452
0.000348000000000056 0.079674312587588 0.140589158076486 0.140589158076486
0.000348999999999976 0.0798933368283373 0.140719294545357 0.140719294545357
0.00035000000000008 0.0801122996419754 0.140849393767322 0.140849393767322
0.000350999999999923 0.080331201071201 0.140979455801867 0.140979455801867
0.000351999999999948 0.0805500411592047 0.141109480708378 0.141109480708378
0.000352999999999932 0.0807688199501631 0.141239468546378 0.141239468546378
0.000354000000000096 0.080987537488483 0.141369419374983 0.141369419374983
0.000354999999999995 0.081206193819045 0.141499333252978 0.141499333252978
0.000356000000000071 0.0814247889868567 0.141629210238539 0.141629210238539
0.000357000000000103 0.0816433230373874 0.141759050389363 0.141759050389362
0.000358000000000088 0.0818617960158547 0.141888853762167 0.141888853762167
0.000359000000000027 0.0820802079675183 0.142018620412808 0.142018620412808
0.000359999999999917 0.0822985589374803 0.142148350396094 0.142148350396094
0.00036099999999998 0.0825168489705562 0.142278043765651 0.142278043765651
0.000361999999999993 0.0827350781111728 0.142407700573799 0.142407700573799
0.000362999999999955 0.0829532464030693 0.142537320871326 0.142537320871326
0.000364000000000086 0.0831713538895829 0.142666904707603 0.142666904707603
0.000364999999999943 0.0833894006133053 0.142796452130328 0.142796452130328
0.000365999999999967 0.0836073866158671 0.142925963185364 0.142925963185364
0.000366999999999937 0.0838253119382193 0.143055437916852 0.143055437916852
0.000368000000000072 0.0840431766200904 0.14318487636686 0.14318487636686
0.000368999999999928 0.0842609807002664 0.143314278575506 0.143314278575506
0.000369999999999948 0.084478724216241 0.143443644580724 0.143443644580724
0.000370999999999909 0.084696407204354 0.14357297441832 0.14357297441832
0.000372000000000032 0.0849140296994585 0.143702268121741 0.143702268121741
0.000373000000000094 0.0851315917351447 0.143831525722204 0.143831525722204
0.000374000000000093 0.0853490933434009 0.143960747248465 0.143960747248465
0.00037500000000003 0.0855665345546608 0.144089932726841 0.14408993272684
0.000375999999999902 0.0857839153977351 0.144219082181155 0.144219082181155
0.000376999999999932 0.0860012358997746 0.144348195632718 0.144348195632718
0.000377999999999895 0.0862184960862405 0.144477273100289 0.144477273100289
0.000379000000000013 0.086435695980824 0.144606314600014 0.144606314600014
0.000380000000000063 0.0866528356053216 0.144735320145423 0.144735320145423
0.000381000000000044 0.0868699149796192 0.144864289747406 0.144864289747406
0.000381999999999954 0.0870869341216935 0.144993223414218 0.144993223414218
0.000383000000000016 0.0873038930476278 0.145122121151506 0.145122121151506
0.000384000000000005 0.0875207917715318 0.145250982962281 0.145250982962281
0.000384999999999922 0.0877376303054248 0.145379808846869 0.145379808846869
0.000385999999999986 0.0879544086594351 0.145508598803067 0.145508598803067
0.000386999999999975 0.0881711268417213 0.145637352826113 0.145637352826113
0.00038800000000011 0.0883877848582819 0.145766070908619 0.145766070908619
0.000388999999999946 0.0886043827132562 0.145894753040779 0.145894753040778
0.000389999999999926 0.088820920408482 0.146023399210147 0.146023399210147
0.000391000000000048 0.0890373979441691 0.146152009402084 0.146152009402084
0.000392000000000091 0.0892538153183535 0.146280583599472 0.146280583599471
0.000393000000000052 0.0894701725270442 0.146409121782855 0.146409121782855
0.000393999999999932 0.0896864695643505 0.146537623930563 0.146537623930563
0.00039499999999995 0.0899027064224569 0.146666090018747 0.146666090018747
0.000396000000000106 0.0901188830917279 0.146794520021502 0.146794520021502
0.000396999999999955 0.0903349995606614 0.14692291391089 0.14692291391089
0.00039799999999994 0.0905510558157381 0.147051271656914 0.147051271656914
0.00039900000000006 0.0907670518420145 0.147179593227928 0.147179593227928
0.000400000000000091 0.0909829876225749 0.147307878590373 0.147307878590373
0.000401000000000034 0.0911988631389017 0.147436127709065 0.147436127709065
0.000402000000000108 0.0914146783708749 0.147564340547253 0.147564340547253
0.000403000000000092 0.0916304332968865 0.147692517066757 0.147692517066757
0.000403999999999983 0.0918461278937819 0.147820657228 0.147820657228
0.000405000000000003 0.0920617621369468 0.147948760990125 0.147948760990125
0.000405999999999929 0.092277336000579 0.148076828311224 0.148076828311224
0.000406999999999982 0.0924928494574253 0.148204859148254 0.148204859148254
0.000407999999999938 0.0927083024791238 0.148332853457306 0.148332853457306
0.00040900000000002 0.0929236950361711 0.148460811193656 0.148460811193656
0.000410000000000003 0.0931390270980284 0.148588732311893 0.148588732311893
0.00041100000000011 0.0933542986330856 0.148716616765971 0.148716616765971
0.000411999999999894 0.0935695096090779 0.148844464509522 0.148844464509522
0.000413000000000021 0.093784659992673 0.14897227549568 0.148972275495681
0.000414000000000046 0.0939997497500953 0.149100049677514 0.149100049677514
0.000414999999999968 0.0942147788467076 0.149227787007851 0.149227787007851
0.000416000000000008 0.0944297472474734 0.149355487439612 0.149355487439613
0.000416999999999942 0.0946446549169172 0.149483150925853 0.149483150925853
0.000417999999999993 0.0948595018191222 0.149610777419824 0.149610777419824
0.000418999999999936 0.0950742879179818 0.149738366875183 0.149738366875184
0.000419999999999993 0.0952890131771103 0.149865919245999 0.149865919245999
0.000420999999999941 0.0955036775601471 0.149993434486992 0.149993434486992
0.000422000000000001 0.0957182810306643 0.150120912553529 0.150120912553529
0.00042299999999995 0.0959328235523097 0.150248353401761 0.150248353401761
0.000424000000000009 0.096147305088863 0.150375756988722 0.150375756988722
0.000424999999999955 0.0963617256045059 0.150503123272525 0.150503123272525
0.000426000000000008 0.0965760850635691 0.150630452212258 0.150630452212258
0.000426999999999947 0.0967903834309968 0.150757743768313 0.150757743768313
0.000427999999999991 0.0970046206720819 0.150884997902262 0.150884997902262
0.000428999999999918 0.0972187967528235 0.151012214577111 0.151012214577111
0.000429999999999949 0.0974329116397608 0.151139393757239 0.151139393757239
0.000431000000000083 0.0976469653002827 0.151266535408614 0.151266535408614
0.000432000000000097 0.0978609577025465 0.151393639498773 0.151393639498773
0.00043299999999999 0.0980748888155337 0.151520705996893 0.151520705996893
0.000433999999999982 0.0982887586091682 0.151647734873869 0.151647734873869
0.000435000000000074 0.0985025670546154 0.151774726102529 0.151774726102529
0.000436000000000041 0.0987163141238397 0.151901679657379 0.151901679657379
0.000437000000000105 0.0989299997900601 0.152028595514897 0.152028595514897
0.000438000000000043 0.0991436240276941 0.15215547365351 0.15215547365351
0.000439000000000076 0.0993571868123192 0.152282314053575 0.152282314053575
0.000439999999999981 0.0995706881209699 0.15240911669757 0.15240911669757
0.000440999999999978 0.0997841279318736 0.152535881569931 0.152535881569931
0.000442000000000068 0.099997506224637 0.152662608657185 0.152662608657185
0.000443000000000026 0.100210822980409 0.152789297948005 0.152789297948005
0.000444000000000075 0.100424078181671 0.152915949433118 0.152915949433118
0.00044499999999999 0.100637271812412 0.153042563105371 0.153042563105371
0.000445999999999993 0.100850403858145 0.153169138959751 0.153169138959751
0.000447000000000083 0.10106347430596 0.153295676993388 0.153295676993388
0.000448000000000037 0.101276483144474 0.153422177205512 0.153422177205512
0.000449000000000075 0.101489430363791 0.153548639597408 0.153548639597408
0.000449999999999976 0.101702315955675 0.153675064172497 0.153675064172497
0.000450999999999959 0.101915139913441 0.153801450936239 0.153801450936239
0.000452000000000024 0.102127902232106 0.153927799896205 0.153927799896205
0.000452999999999949 0.102340602908096 0.154054111061861 0.154054111061861
0.000453999999999953 0.102553241939563 0.154180384444727 0.154180384444727
0.000455000000000035 0.102765819326158 0.154306620058212 0.154306620058212
0.000455999999999974 0.102978335069126 0.154432817917615 0.154432817917615
0.00045699999999999 0.103190789171169 0.154558978040026 0.154558978040026
0.000458000000000081 0.103403181636766 0.15468510044446 0.15468510044446
0.000459000000000026 0.103615512471589 0.154811185151466 0.154811185151466
0.000460000000000044 0.103827781682992 0.154937232183376 0.154937232183376
0.000460999999999913 0.104039989279743 0.155063241564098 0.155063241564098
0.000462000000000076 0.104252135271941 0.155189213319013 0.155189213319013
0.000463000000000088 0.104464219671258 0.155315147475073 0.155315147475073
0.000463999999999948 0.104676242490465 0.155441044060468 0.155441044060468
0.000465000000000098 0.104888203743746 0.155566903104752 0.155566903104752
0.000466000000000095 0.105100103446684 0.155692724638792 0.155692724638792
0.000466999999999936 0.105311941615764 0.155818508694408 0.155818508694408
0.000468000000000065 0.105523718268783 0.155944255304569 0.155944255304569
0.000469000000000037 0.105735433424716 0.15606996450325 0.15606996450325
0.000470000000000073 0.105947087103414 0.156195636325201 0.156195636325201
0.00047099999999995 0.106158679325842 0.156321270806032 0.156321270806032
0.00047200000000011 0.106370210113777 0.156446867981973 0.156446867981973
0.00047300000000011 0.106581679490052 0.156572427889964 0.156572427889964
0.000473999999999947 0.106793087478067 0.156697950567309 0.156697950567309
0.000475000000000066 0.107004434102068 0.156823436051784 0.156823436051784
0.00047600000000002 0.107215719387073 0.156948884381534 0.156948884381534
0.000477000000000031 0.107426943358512 0.157074295594808 0.157074295594808
0.000478000000000097 0.107638106042482 0.157199669730053 0.157199669730053
0.000478999999999997 0.1078492074655 0.157325006825713 0.157325006825713
0.000479999999999951 0.108060247654378 0.157450306920104 0.157450306920104
0.000480999999999957 0.108271226636499 0.157575570051521 0.157575570051521
0.000482000000000016 0.108482144439274 0.15770079625787 0.15770079625787
0.000482999999999903 0.108693001090422 0.157825985576781 0.157825985576781
0.000484000000000062 0.108903796617671 0.157951138045383 0.157951138045383
0.000485000000000048 0.109114531048936 0.158076253700362 0.158076253700362
0.000486000000000081 0.109325204411946 0.158201332577695 0.158201332577695
0.00048699999999994 0.109535816734409 0.158326374712704 0.158326374712704
0.000488000000000066 0.109746368043874 0.158451380139942 0.158451380139942
0.000489000000000016 0.109956858367686 0.158576348893103 0.158576348893103
0.000490000000000009 0.110167287732798 0.158701281004899 0.158701281004899
0.000491000000000045 0.110377656165869 0.158826176507067 0.158826176507068
0.000491999999999901 0.110587963693064 0.158951035430214 0.158951035430214
0.00049300000000002 0.110798210340108 0.159075857803839 0.159075857803839
0.000493999999999956 0.111008396132214 0.159200643656236 0.159200643656236
0.000494999999999932 0.111218521093782 0.159325393014303 0.159325393014303
0.000495999999999945 0.11142858524881 0.159450105903757 0.159450105903757
0.000496999999999995 0.111638588620381 0.15957478234881 0.15957478234881
0.000498000000000081 0.111848531230867 0.159699422372274 0.159699422372274
0.00049899999999998 0.112058413101786 0.15982402599545 0.15982402599545
0.000499999999999913 0.112268234253684 0.159948593238053 0.159948593238053
