# Fix print output for fix def1
0 -1.27960521981806e-08 0.0931856303634249 0.0931856303634249
0.00100000000000004 0.235096685661934 0.232855998148736 0.232855998148736
0.00200000000000004 0.467297382579693 0.369917959998162 0.369917959998162
0.00300000000000006 0.694065054901355 0.50298544057242 0.50298544057242
0.00400000000000004 0.915347146952181 0.632084637911959 0.632084637911959
0.0049999999999999 1.1310810550358 0.757232799818295 0.757232799818295
0.00600000000000006 1.34119991168205 0.878439714977009 0.878439714977009
0.00700000000000003 1.5456371910687 0.995713758573426 0.995713758573426
0.00800000000000005 1.74433117007622 1.1090690656406 1.1090690656406
0.00900000000000007 1.93722048545461 1.21852171216921 1.21852171216921
0.00999999999999989 2.12424091787357 1.3240853803748 1.3240853803748
