# Fix print output for fix def1
0 -7.40542503861065e-09 0.0931856340290419 0.0931856340290419
0.00100000000000004 0.235096687827371 0.232855999050156 0.232855999050156
0.00200000000000004 0.467297386870106 0.369917962695309 0.369917962695309
0.00300000000000006 0.694065058943373 0.502985443043876 0.502985443043876
0.00400000000000004 0.915347149297221 0.63208463892616 0.63208463892616
0.0049999999999999 1.13108106043002 0.757232803419856 0.757232803419856
0.00600000000000006 1.34119991374713 0.878439715726136 0.878439715726136
0.00700000000000003 1.54563719554059 0.995713761368673 0.995713761368673
0.00800000000000005 1.7443311738891 1.10906906786619 1.10906906786619
0.00900000000000007 1.93722048788463 1.21852171321034 1.21852171321034
0.00999999999999989 2.12424092315028 1.32408538384462 1.32408538384462
0.0109999999999999 2.30532874845897 1.42577375047875 1.42577375047875
0.0120000000000001 2.48041900070413 1.52359894326875 1.52359894326875
0.013 2.64944799687539 1.61757460425503 1.61757460425503
0.0139999999999999 2.81235170212701 1.70771463196315 1.70771463196315
0.015 2.96906624146308 1.79403343304808 1.79403343304808
0.0160000000000001 3.11952661268081 1.87654438930623 1.87654438930623
0.0169999999999999 3.26366785743735 1.95526084977638 1.95526084977638
0.0179999999999999 3.40142515975729 2.03019639696453 2.03019639696453
0.0190000000000001 3.53273363732785 2.10136487861616 2.10136487861616
0.02 3.65752823597586 2.16878026353358 2.16878026353358
0.0209999999999999 3.77574350118093 2.23245635352115 2.23245635352115
0.0219999999999999 3.88731383928204 2.29240691942023 2.29240691942023
0.0230000000000001 3.99217338739275 2.34864549757433 2.34864549757433
0.024 4.09025657906786 2.40118614134208 2.40118614134208
0.025 4.1814973553574 2.45004264055076 2.45004264055076
0.0259999999999999 4.26582955859436 2.49522898057952 2.49522898057952
0.027 4.34318676823774 2.53675903956028 2.53675903956028
0.028 4.4135024992225 2.57464673495603 2.57464673495603
0.029 4.47671006062666 2.60890592685568 2.60890592685568
0.0300000000000001 4.53274165288853 2.6395496067195 2.6395496067195
0.031 4.58153228658567 2.66659367930324 2.66659367930324
0.0319999999999999 4.62301969010236 2.69005677190587 2.69005677190587
0.0330000000000001 4.65707028049963 2.70989087452885 2.70989087452885
0.034 4.68357525137283 2.72607160678819 2.72607160678819
0.035 4.70250107402349 2.73864498230424 2.73864498230424
0.036 4.71383953669904 2.74768029735975 2.74768029735975
0.0370000000000001 4.71757206502267 2.75323665347917 2.75323665347917
0.0379999999999999 4.71368455755839 2.7553745487557 2.7553745487557
0.039 4.70217175002621 2.75413999749177 2.75413999749177
0.04 4.68306137395536 2.74952466819047 2.74952466819047
0.0409999999999999 4.65641364407196 2.74146864000521 2.74146864000521
0.042 4.6222807926201 2.72992474935239 2.72992474935239
0.043 4.58071809260799 2.71484094985309 2.71484094985309
0.044 4.53178192304131 2.69616974735896 2.69616974735896
0.045 4.47554644547265 2.67387840146633 2.67387840146633
0.046 4.41218780635984 2.64802970748988 2.64802970748988
0.047 4.34183096361714 2.61863928627855 2.61863928627855
0.0480000000000001 4.26458132663321 2.58570449103643 2.58570449103643
0.0489999999999999 4.18053546774413 2.54921434761487 2.54921434761487
0.0500000000000001 4.08979536754439 2.50916285279283 2.50916285279283
0.0509999999999999 3.99246206245703 2.46554300387653 2.46554300387653
0.052 3.88863634240048 2.41834755582089 2.41834755582089
0.0530000000000001 3.77841927398318 2.36756945956132 2.36756945956132
0.0540000000000001 3.66191184833315 2.31320157540045 2.31320157540045
0.055 3.53921510455444 2.25523679468588 2.25523679468588
0.056 3.41042988645326 2.1936677218195 2.1936677218195
0.0570000000000001 3.27565736716698 2.12848725673917 2.12848725673917
0.0580000000000001 3.13499839193429 2.05968788705532 2.05968788705532
0.0589999999999999 2.98855430091461 1.98726258037747 1.98726258037747
0.06 2.83642612324005 1.91120393923488 1.91120393923488
0.0609999999999999 2.67871475387307 1.8315044185082 1.8315044185082
0.0620000000000001 2.51552140430697 1.74815676528821 1.74815676528821
0.0629999999999999 2.34694709278492 1.66115339337282 1.66115339337282
0.0639999999999999 2.17309358682184 1.57048733895932 1.57048733895932
0.065 1.99406195245089 1.47615083654087 1.47615083654087
0.0660000000000001 1.80995685816287 1.37813862802909 1.37813862802909
0.067 1.62088632277321 1.27644724454445 1.27644724454445
0.0679999999999999 1.42695748786105 1.17107280381698 1.17107280381698
0.069 1.22827543100628 1.06200967841586 1.06200967841586
0.0700000000000001 1.02494980844542 0.949255697697974 0.949255697697974
0.0710000000000001 0.817087930627711 0.832806707350132 0.832806707350132
0.072 0.604797805725425 0.712659000017112 0.712659000017112
0.073 0.38820052507484 0.588816796464279 0.588816796464279
0.074 0.167468236288258 0.46131317003495 0.46131317003495
0.075 -0.0570257969898131 0.330298355802599 0.330298355802599
0.076 -0.284314388904167 0.196274709150614 0.196274709150614
0.0770000000000001 -0.512171627847155 0.0605115510752467 0.0605115510752466
0.0779999999999999 -0.736706653573075 -0.0746614327224989 -0.0746614327224989
0.0790000000000001 -0.953399420223998 -0.206442954206848 -0.206442954206848
0.0800000000000001 -1.15981866752741 -0.333274580032052 -0.333274580032052
0.0810000000000001 -1.35738823824181 -0.455986840013966 -0.455986840013966
0.082 -1.54878007861226 -0.576179508676754 -0.576179508676754
0.0830000000000001 -1.73358358538255 -0.693521503375399 -0.693521503375399
0.0839999999999999 -1.90996631094813 -0.80677156053827 -0.80677156053827
0.085 -2.07901380029927 -0.916570982317157 -0.916570982317157
0.086 -2.24173254972491 -1.02354382370478 -1.02354382370478
0.087 -2.39631274889798 -1.12668232394906 -1.12668232394906
0.088 -2.54326236351879 -1.22629411257305 -1.22629411257305
0.089 -2.68337313826777 -1.32280716858864 -1.32280716858864
