# Fix print output for fix extra
459.707164 57.10648 0.000114849117904258 5.78121418156482e-06 0 0 0
459.707164 57.10648 0.000114844471433908 5.78586065191451e-06 0 0.001 2.79118136522399e-16
459.7531347164 57.10648 0.089020521549694 0.0888998912176082 9.99950003332973e-05 0.001 2.79118136522399e-16
459.7531347164 57.10648 0.0890205062237063 0.0888998758916205 9.99950003332973e-05 0.002 1.89989644150663e-15
459.845085343343 57.10648 0.0420228376869985 0.0419022073549127 0.000299975002999642 0.002 1.89989644150663e-15
459.845085343343 57.10648 0.0420227823159568 0.041902151983871 0.000299975002999642 0.003 5.79669833327619e-15
459.983038868946 57.10648 0.0178055798160246 0.0176849494839388 0.000599930011997793 0.003 5.79669833327619e-15
459.983038868946 57.10648 0.01780545313908 0.0176848228069941 0.000599930011997793 0.004 8.66899903811614e-15
460.167032084494 57.10648 -0.00306667070107564 0.00318730103316146 0.000999850033324738 0.004 8.66899903811614e-15
460.167032084494 57.10648 -0.00306680193333528 0.0031874322654211 0.000999850033324738 0.005 9.04621329744899e-15
