8.852742071066740926e-14
1.770811141208932014e-13
2.651555754343583490e-13
3.525159887454152295e-13
4.389337526355070114e-13
5.241884595330329269e-13
6.080701688417269280e-13
6.903706051878721865e-13
7.708774579734114078e-13
8.494625127805768302e-13
9.259991990636049247e-13
1.000381009122253612e-12
1.072471096646792966e-12
1.142154529149253994e-12
1.209333959244189364e-12
1.273985265104381590e-12
1.336099202150400471e-12
1.395676307872537445e-12
1.452739303888173301e-12
1.507331826614364784e-12
