# Fix print output for fix extra
4143.075124 57.10648 0.145475363371221
4143.09583942741 57.10648 0.145474635996223
4143.11655495839 57.10648 -3.63072041634119
4143.13727059296 57.10648 -7.40698259479645
4143.1579863311 57.10648 -11.1833118986802
4143.17870217282 57.10648 -14.9597083268386
4143.19941811812 57.10648 -18.7361718786238
4143.220134167 57.10648 -22.5127025531344
4143.24085031946 57.10648 -26.2893003493731
4143.26156657551 57.10648 -30.0659652666194
4143.28228293513 57.10648 -33.8426973038803
4143.30299939834 57.10648 -37.6194964605497
4143.32371596512 57.10648 -41.3963627357811
4143.3444326355 57.10648 -45.1732961285408
4143.36514940945 57.10648 -48.9502966383477
4143.38586628699 57.10648 -52.7273642640091
4143.40658326811 57.10648 -56.5044990049348
4143.42730035282 57.10648 -60.2817008601945
4143.44801754112 57.10648 -64.0589698285244
4143.468734833 57.10648 -67.8363059072562
4143.48945222847 57.10648 -71.6137091004555
4143.51016972752 57.10648 -75.3911794124287
4143.53088733016 57.10648 -79.1687168419495
4143.55160503639 57.10648 -82.9463213884058
4143.57232284621 57.10648 -86.7239930510087
4143.59304075962 57.10648 -90.5017318285875
4143.61375877662 57.10648 -94.2795377205959
4143.63447689721 57.10648 -98.0574107262249
4143.65519512139 57.10648 -101.835350843951
4143.67591344916 57.10648 -105.613358073783
4143.69663188053 57.10648 -109.391432414247
4143.71735041548 57.10648 -113.169573865089
4143.73806905403 57.10648 -116.947782425017
4143.75878779617 57.10648 -120.726058093372
4143.77950664191 57.10648 -124.504400869217
4143.80022559124 57.10648 -128.282810751672
4143.82094464416 57.10648 -132.061287740177
4143.84166380069 57.10648 -135.83983183349
4143.8623830608 57.10648 -139.618443031081
4143.88310242452 57.10648 -143.39712133174
4143.90382189183 57.10648 -147.175866735253
4143.92454146273 57.10648 -150.954679240297
4143.94526113724 57.10648 -154.733558846159
4143.96598091535 57.10648 -158.512505551905
4143.98670079705 57.10648 -162.29151932978
4144.00742078235 57.10648 -166.070600052768
4144.02814087126 57.10648 -169.849747878675
4144.04886106376 57.10648 -173.628962806899
4144.06958135987 57.10648 -177.408244836293
4144.09030175958 57.10648 -181.187593909793
4144.11102226289 57.10648 -184.967010063013
4144.1317428698 57.10648 -188.746493318033
4144.15246358032 57.10648 -192.526043674051
4144.17318439444 57.10648 -196.305661130317
4144.19390531216 57.10648 -200.085345685999
4144.21462633349 57.10648 -203.865097340522
4144.23534745842 57.10648 -207.644916092265
4144.25606868696 57.10648 -211.424801940705
4144.27679001911 57.10648 -215.204754885152
4144.29751145486 57.10648 -218.984774924503
4144.31823299423 57.10648 -222.764862058177
4144.3389546372 57.10648 -226.545016285055
4144.35967638377 57.10648 -230.325237604539
4144.38039823396 57.10648 -234.105526015308
4144.40112018775 57.10648 -237.885881516812
4144.42184224516 57.10648 -241.666304108184
4144.44256440618 57.10648 -245.446793788563
4144.46328667081 57.10648 -249.227350556928
4144.48400903904 57.10648 -253.007974412655
4144.5047315109 57.10648 -256.788665350775
4144.52545408636 57.10648 -260.569423347655
4144.54617676544 57.10648 -264.350248398574
4144.56689954813 57.10648 -268.131140502712
4144.58762243443 57.10648 -271.912099659118
4144.60834542435 57.10648 -275.69312586553
4144.62906851789 57.10648 -279.474219121736
4144.64979171504 57.10648 -283.255379427224
4144.6705150158 57.10648 -287.036606783912
4144.69123842019 57.10648 -290.817901199074
4144.71196192819 57.10648 -294.599262672465
4144.73268553981 57.10648 -298.380691203584
4144.75340925504 57.10648 -302.162186791411
4144.7741330739 57.10648 -305.943749434913
4144.79485699637 57.10648 -309.725379133627
4144.81558102247 57.10648 -313.507075886376
4144.83630515219 57.10648 -317.288839692578
4144.85702938552 57.10648 -321.070670551246
4144.87775372248 57.10648 -324.852568461565
4144.89847816306 57.10648 -328.634533422619
4144.91920270726 57.10648 -332.416565433497
4144.93992735509 57.10648 -336.198664493604
4144.96065210654 57.10648 -339.980830602064
4144.98137696161 57.10648 -343.763063758357
4145.0021019203 57.10648 -347.545363961257
4145.02282698263 57.10648 -351.32773121019
4145.04355214858 57.10648 -355.11016550414
4145.06427741815 57.10648 -358.892666842285
4145.08500279135 57.10648 -362.675235223715
4145.10572826818 57.10648 -366.457870647677
4145.12645384863 57.10648 -370.240573113208
4145.14717953272 57.10648 -374.023342619396
4145.16790532043 57.10648 -377.806179164229
4145.18863121177 57.10648 -381.589082747025
4145.20935720674 57.10648 -385.372053367354
4145.23008330534 57.10648 -389.155091024786
4145.25080950757 57.10648 -392.938195718203
4145.27153581344 57.10648 -396.721367447162
4145.29226222293 57.10648 -400.504606210218
4145.31298873606 57.10648 -404.287912006875
4145.33371535282 57.10648 -408.071284836049
4145.35444207321 57.10648 -411.854724697181
4145.37516889724 57.10648 -415.638231589377
4145.3958958249 57.10648 -419.421805511591
4145.4166228562 57.10648 -423.205446464409
4145.43734999113 57.10648 -426.989154448714
4145.4580772297 57.10648 -430.772929460502
4145.4788045719 57.10648 -434.556771499224
4145.49953201774 57.10648 -438.340680563991
4145.52025956722 57.10648 -442.124656653837
4145.54098722034 57.10648 -445.908700430293
4145.5617149771 57.10648 -449.69281251391
4145.58244283749 57.10648 -453.476991712689
4145.60317080152 57.10648 -457.261238026049
4145.6238988692 57.10648 -461.045551451601
4145.64462704051 57.10648 -464.829931988174
4145.66535531547 57.10648 -468.614379635685
4145.68608369407 57.10648 -472.39889439243
4145.70681217631 57.10648 -476.18347631279
4145.72754076219 57.10648 -479.968125577414
4145.74826945171 57.10648 -483.752842114472
4145.76899824488 57.10648 -487.537625923208
4145.7897271417 57.10648 -491.322477002628
4145.81045614215 57.10648 -495.107395351924
4145.83118524626 57.10648 -498.892380970428
4145.85191445401 57.10648 -502.677433857117
4145.8726437654 57.10648 -506.462554011322
4145.89337318045 57.10648 -510.247741439674
4145.91410269913 57.10648 -514.032996142177
4145.93483232147 57.10648 -517.818318117542
4145.95556204746 57.10648 -521.603707365193
4145.97629187709 57.10648 -525.389163884274
4145.99702181038 57.10648 -529.174687674045
4146.01775184731 57.10648 -532.960278733218
4146.0384819879 57.10648 -536.745937061451
4146.05921223213 57.10648 -540.531662657495
4146.07994258002 57.10648 -544.317455520746
4146.10067303156 57.10648 -548.103315650155
4146.12140358675 57.10648 -551.88924304518
4146.14213424559 57.10648 -555.67523770459
4146.16286500809 57.10648 -559.461299627767
4146.18359587424 57.10648 -563.247428813714
4146.20432684405 57.10648 -567.033625261622
4146.22505791751 57.10648 -570.819888970779
4146.24578909463 57.10648 -574.606219940211
4146.2665203754 57.10648 -578.39261816909
4146.28725175983 57.10648 -582.179083656871
4146.30798324792 57.10648 -585.965616402611
4146.32871483967 57.10648 -589.752216405572
4146.34944653507 57.10648 -593.538883664602
4146.37017833413 57.10648 -597.325618179092
4146.39091023685 57.10648 -601.112419948174
4146.41164224323 57.10648 -604.899288971292
4146.43237435328 57.10648 -608.686225247648
4146.45310656698 57.10648 -612.473228776385
4146.47383888434 57.10648 -616.260299556616
4146.49457130537 57.10648 -620.047437587517
4146.51530383006 57.10648 -623.834642868078
4146.5360364584 57.10648 -627.621915397542
4146.55676919042 57.10648 -631.409255174831
4146.5775020261 57.10648 -635.196662199367
4146.59823496544 57.10648 -638.984136470034
4146.61896800845 57.10648 -642.771677986545
4146.63970115512 57.10648 -646.559286747991
4146.66043440546 57.10648 -650.346962753482
4146.68116775946 57.10648 -654.134706002278
4146.70190121714 57.10648 -657.92251649335
4146.72263477848 57.10648 -661.710394225803
4146.74336844348 57.10648 -665.498339198666
4146.76410221216 57.10648 -669.286351411448
4146.78483608451 57.10648 -673.07443086306
4146.80557006052 57.10648 -676.862577616161
4146.82630414021 57.10648 -680.650791595837
4146.84703832356 57.10648 -684.439072760569
4146.86777261059 57.10648 -688.227421109078
4146.88850700129 57.10648 -692.015836640722
4146.90924149566 57.10648 -695.804319354714
4146.9299760937 57.10648 -699.592869249908
4146.95071079542 57.10648 -703.381486325558
4146.97144560081 57.10648 -707.170170581068
4146.99218050988 57.10648 -710.958922015108
4147.01291552262 57.10648 -714.747740627463
4147.03365063903 57.10648 -718.536626416656
4147.05438585912 57.10648 -722.325579382672
4147.07512118289 57.10648 -726.114599533629
4147.09585661034 57.10648 -729.903686869808
4147.11659214146 57.10648 -733.692841390067
4147.13732777626 57.10648 -737.482063094957
4147.15806351474 57.10648 -741.27135198554
4147.17879935689 57.10648 -745.060708057902
4147.19953530273 57.10648 -748.850131311422
4147.22027135225 57.10648 -752.639621745015
4147.24100750544 57.10648 -756.429179358112
4147.26174376232 57.10648 -760.218804149589
4147.28248012288 57.10648 -764.008496118736
4147.30321658712 57.10648 -767.798255264872
4147.32395315505 57.10648 -771.58808158731
4147.34468982666 57.10648 -775.377975097803
4147.36542660195 57.10648 -779.167935813501
4147.38616348092 57.10648 -782.957963733322
4147.40690046358 57.10648 -786.748058856456
4147.42763754993 57.10648 -790.538221182117
4147.44837473996 57.10648 -794.328450709195
4147.46911203367 57.10648 -798.118747437095
4147.48984943108 57.10648 -801.909111364893
4147.51058693217 57.10648 -805.699542491969
4147.53132453695 57.10648 -809.490040816856
4147.55206224541 57.10648 -813.280606339703
4147.57280005757 57.10648 -817.071239058619
4147.59353797341 57.10648 -820.861938973402
4147.61427599295 57.10648 -824.652706082829
4147.63501411617 57.10648 -828.443540386348
4147.65575234309 57.10648 -832.234441882854
4147.6764906737 57.10648 -836.025410571825
4147.697229108 57.10648 -839.816446452569
4147.71796764599 57.10648 -843.607549524286
4147.73870628768 57.10648 -847.398719785735
4147.75944503305 57.10648 -851.189957237086
4147.78018388213 57.10648 -854.981261876714
4147.80092283489 57.10648 -858.772633704269
4147.82166189135 57.10648 -862.564072718647
4147.84240105151 57.10648 -866.355578919234
4147.86314031536 57.10648 -870.147152305429
4147.88387968291 57.10648 -873.938792875756
4147.90461915416 57.10648 -877.730500629416
4147.92535872911 57.10648 -881.522275565529
4147.94609840775 57.10648 -885.314117683297
4147.96683819009 57.10648 -889.106026980861
4147.98757807613 57.10648 -892.898003457211
4148.00831806587 57.10648 -896.690047112827
4148.02905815931 57.10648 -900.482157946711
4148.04979835645 57.10648 -904.2743359582
4148.0705386573 57.10648 -908.066581146329
4148.09127906184 57.10648 -911.858893028601
4148.11201957009 57.10648 -915.651271704982
4148.13276018204 57.10648 -919.443717623436
4148.15350089769 57.10648 -923.236230783635
4148.17424171704 57.10648 -927.028811184432
4148.19498264011 57.10648 -930.821458825204
4148.21572366687 57.10648 -934.614173705189
4148.23646479734 57.10648 -938.406955823514
4148.25720603152 57.10648 -942.199805182537
4148.2779473694 57.10648 -945.992721789766
4148.29868881099 57.10648 -949.78570564164
4148.31943035629 57.10648 -953.578756737361
4148.3401720053 57.10648 -957.371875076288
4148.36091375801 57.10648 -961.16506065703
4148.38165561443 57.10648 -964.958313479448
4148.40239757457 57.10648 -968.751633542011
4148.42313963841 57.10648 -972.545020844203
4148.44388180596 57.10648 -976.338475384975
4148.46462407723 57.10648 -980.131997163783
4148.48536645221 57.10648 -983.92558617945
4148.50610893089 57.10648 -987.719242431239
4148.52685151329 57.10648 -991.512965918077
4148.54759419941 57.10648 -995.306756639537
4148.56833698924 57.10648 -999.100614594435
4148.58907988278 57.10648 -1002.89453978232
4148.60982288004 57.10648 -1006.68853220228
4148.63056598101 57.10648 -1010.48259185307
4148.6513091857 57.10648 -1014.27671873435
4148.6720524941 57.10648 -1018.07091284659
4148.69279590622 57.10648 -1021.8651741892
4148.71353942206 57.10648 -1025.65950276057
4148.73428304162 57.10648 -1029.45389855922
4148.75502676489 57.10648 -1033.24836158463
4148.77577059188 57.10648 -1037.04289183596
4148.7965145226 57.10648 -1040.83748931178
4148.81725855703 57.10648 -1044.63215401158
4148.83800269518 57.10648 -1048.42688593453
4148.85874693706 57.10648 -1052.2216850801
4148.87949128265 57.10648 -1056.01655144738
4148.90023573197 57.10648 -1059.81148503591
4148.92098028501 57.10648 -1063.6064858445
4148.94172494177 57.10648 -1067.4015538725
4148.96246970226 57.10648 -1071.19668910003
4148.98321456647 57.10648 -1074.99189165542
4149.0039595344 57.10648 -1078.78716158992
4149.02470460606 57.10648 -1082.58249890298
4149.04544978145 57.10648 -1086.37790359365
4149.06619506056 57.10648 -1090.17337566098
4149.0869404434 57.10648 -1093.96891510416
4149.10768592997 57.10648 -1097.76452181247
4149.12843152026 57.10648 -1101.56019586968
4149.14917721428 57.10648 -1105.35593728511
4149.16992301203 57.10648 -1109.15174605741
4149.19066891351 57.10648 -1112.94762218574
4149.21141491872 57.10648 -1116.74356566991
4149.23216102766 57.10648 -1120.5395765084
4149.25290724033 57.10648 -1124.33565470046
4149.27365355673 57.10648 -1128.13180024553
4149.29439997687 57.10648 -1131.92801314244
4149.31514650073 57.10648 -1135.7242933905
4149.33589312833 57.10648 -1139.52064098881
4149.35663985967 57.10648 -1143.31705593641
4149.37738669473 57.10648 -1147.11353823249
4149.39813363353 57.10648 -1150.91008787654
4149.41888067607 57.10648 -1154.70670486704
4149.43962782234 57.10648 -1158.50338920389
4149.46037507235 57.10648 -1162.30014088367
4149.48112242609 57.10648 -1166.09695991648
4149.50186988357 57.10648 -1169.89384630502
4149.52261744479 57.10648 -1173.6908000481
4149.54336510975 57.10648 -1177.48782114577
4149.56411287844 57.10648 -1181.2849095965
4149.58486075088 57.10648 -1185.08206539977
4149.60560872705 57.10648 -1188.87928855505
4149.62635680696 57.10648 -1192.67657908315
4149.64710499062 57.10648 -1196.47393696074
4149.66785327801 57.10648 -1200.27136218036
4149.68860166915 57.10648 -1204.06885473989
4149.70935016403 57.10648 -1207.86641463962
4149.73009876265 57.10648 -1211.66404187943
4149.75084746502 57.10648 -1215.46173645834
4149.77159627113 57.10648 -1219.25949837532
4149.79234518098 57.10648 -1223.05732762947
4149.81309419458 57.10648 -1226.85522422068
4149.83384331192 57.10648 -1230.65318814775
4149.85459253301 57.10648 -1234.45121940988
4149.87534185785 57.10648 -1238.24931800604
4149.89609128643 57.10648 -1242.04748393561
4149.91684081876 57.10648 -1245.84571719768
4149.93759045484 57.10648 -1249.64401779101
4149.95834019467 57.10648 -1253.44238571529
4149.97909003824 57.10648 -1257.24082096943
4149.99983998557 57.10648 -1261.03932355261
4150.02059003664 57.10648 -1264.83789346403
4150.04134019147 57.10648 -1268.6365307025
4150.06209045004 57.10648 -1272.4352352678
4150.08284081237 57.10648 -1276.23400715833
4150.10359127845 57.10648 -1280.03284637394
4150.12434184828 57.10648 -1283.83175291333
4150.14509252187 57.10648 -1287.63072677576
4150.16584329921 57.10648 -1291.42976796055
4150.1865941803 57.10648 -1295.2288764667
4150.20734516515 57.10648 -1299.02805229343
4150.22809625376 57.10648 -1302.8272954399
4150.24884744611 57.10648 -1306.62660590509
4150.26959874223 57.10648 -1310.42598368828
4150.2903501421 57.10648 -1314.22542878789
4150.31110164573 57.10648 -1318.02494120215
4150.33185325312 57.10648 -1321.82452093148
4150.35260496426 57.10648 -1325.62416797502
4150.37335677917 57.10648 -1329.42388233198
4150.39410869783 57.10648 -1333.2236640015
4150.41486072026 57.10648 -1337.02351298252
4150.43561284644 57.10648 -1340.8234292745
4150.45636507638 57.10648 -1344.62341287617
4150.47711741009 57.10648 -1348.42346378689
4150.49786984756 57.10648 -1352.22358200607
4150.51862238879 57.10648 -1356.02376753136
4150.53937503378 57.10648 -1359.82402036231
4150.56012778254 57.10648 -1363.6243404992
4150.58088063506 57.10648 -1367.42472792311
4150.60163359135 57.10648 -1371.22518260475
4150.6223866514 57.10648 -1375.02570461121
4150.64313981521 57.10648 -1378.8262933506
4150.66389308279 57.10648 -1382.62694904708
4150.68464645414 57.10648 -1386.42767204975
4150.70539992926 57.10648 -1390.22846235862
4150.72615350814 57.10648 -1394.02931997264
4150.7469071908 57.10648 -1397.83024489078
4150.76766097722 57.10648 -1401.63123711237
4150.7884148674 57.10648 -1405.43229663643
4150.80916886136 57.10648 -1409.23342346229
4150.82992295909 57.10648 -1413.03461758892
4150.85067716059 57.10648 -1416.83587901504
4150.87143146587 57.10648 -1420.63720773988
4150.89218587491 57.10648 -1424.438603763
4150.91294038772 57.10648 -1428.2400670833
4150.93369500431 57.10648 -1432.04159769976
4150.95444972468 57.10648 -1435.84319561194
4150.97520454881 57.10648 -1439.64486081865
4150.99595947672 57.10648 -1443.44659331902
4151.01671450841 57.10648 -1447.24839311246
4151.03746964387 57.10648 -1451.0502601979
4151.0582248831 57.10648 -1454.85219457469
4151.07898022611 57.10648 -1458.65419624172
4151.0997356729 57.10648 -1462.4562651991
4151.12049122347 57.10648 -1466.25840144513
4151.14124687782 57.10648 -1470.06060497881
4151.16200263594 57.10648 -1473.86287579912
4151.18275849784 57.10648 -1477.66521390572
4151.20351446353 57.10648 -1481.4676192973
4151.22427053299 57.10648 -1485.27009197349
4151.24502670623 57.10648 -1489.07263193255
4151.26578298326 57.10648 -1492.87523917392
4151.28653936406 57.10648 -1496.67791369711
4151.30729584865 57.10648 -1500.48065550097
4151.32805243702 57.10648 -1504.28346458535
4151.34880912917 57.10648 -1508.08634094898
4151.36956592511 57.10648 -1511.88928459091
4151.39032282483 57.10648 -1515.69229545029
4151.41107982834 57.10648 -1519.49537337348
4151.43183693563 57.10648 -1523.2985185104
4151.45259414671 57.10648 -1527.10173086075
4151.47335146157 57.10648 -1530.90501042397
4151.49410888022 57.10648 -1534.70835719922
4151.51486640266 57.10648 -1538.51177118531
4151.53562402889 57.10648 -1542.31525238192
4151.5563817589 57.10648 -1546.11880078785
4151.57713959271 57.10648 -1549.92241640227
4151.5978975303 57.10648 -1553.72609922431
4151.61865557168 57.10648 -1557.52984925321
4151.63941371685 57.10648 -1561.33366648803
4151.66017196582 57.10648 -1565.13755092799
4151.68093031857 57.10648 -1568.94150257232
4151.70168877512 57.10648 -1572.74552141989
4151.72244733546 57.10648 -1576.54960747011
4151.7432059996 57.10648 -1580.35376071987
4151.76396476752 57.10648 -1584.15798116653
4151.78472363924 57.10648 -1587.96226881293
4151.80548261476 57.10648 -1591.76662365777
4151.82624169407 57.10648 -1595.57104570068
4151.84700087718 57.10648 -1599.37553494099
4151.86776016408 57.10648 -1603.180091386
4151.88851955478 57.10648 -1606.98471503798
4151.90927904927 57.10648 -1610.7894058965
4151.93003864757 57.10648 -1614.59416396032
4151.95079834966 57.10648 -1618.39898922864
4151.97155815555 57.10648 -1622.20388170009
4151.99231806524 57.10648 -1626.0088413747
4152.01307807873 57.10648 -1629.81386825072
4152.03383819602 57.10648 -1633.61896232817
4152.05459841712 57.10648 -1637.42412360563
4152.07535874201 57.10648 -1641.22935208306
4152.0961191707 57.10648 -1645.03464775921
4152.1168797032 57.10648 -1648.84001063382
4152.1376403395 57.10648 -1652.6454407052
4152.1584010796 57.10648 -1656.45093797284
4152.17916192351 57.10648 -1660.2565024356
4152.19992287122 57.10648 -1664.0621340931
4152.22068392274 57.10648 -1667.8678333059
4152.24144507806 57.10648 -1671.67359987079
4152.26220633719 57.10648 -1675.47943376897
4152.28296770013 57.10648 -1679.28533499991
4152.30372916687 57.10648 -1683.09130356217
4152.32449073742 57.10648 -1686.89733945529
4152.34525241178 57.10648 -1690.7034426783
4152.36601418994 57.10648 -1694.50961323014
4152.38677607192 57.10648 -1698.31585111011
4152.4075380577 57.10648 -1702.12215631708
4152.4283001473 57.10648 -1705.9285288502
4152.4490623407 57.10648 -1709.73496871028
4152.46982463792 57.10648 -1713.54147589521
4152.49058703895 57.10648 -1717.34805040437
4152.51134954379 57.10648 -1721.1546922371
4152.53211215245 57.10648 -1724.96140139208
4152.55287486491 57.10648 -1728.76817786893
4152.5736376812 57.10648 -1732.57502166675
4152.59440060129 57.10648 -1736.38193278433
4152.6151636252 57.10648 -1740.1889112212
4152.63592675293 57.10648 -1743.99595697638
4152.65668998447 57.10648 -1747.8030700488
4152.67745331983 57.10648 -1751.61025043807
4152.698216759 57.10648 -1755.41749814277
4152.718980302 57.10648 -1759.22481316249
4152.73974394881 57.10648 -1763.0321954962
4152.76050769944 57.10648 -1766.83964514332
4152.78127155388 57.10648 -1770.64716210314
4152.80203551215 57.10648 -1774.45474637474
4152.82279957424 57.10648 -1778.26239795692
4152.84356374015 57.10648 -1782.07011684942
4152.86432800988 57.10648 -1785.87790305402
4152.88509238343 57.10648 -1789.68575656857
4152.9058568608 57.10648 -1793.49367739115
4152.926621442 57.10648 -1797.30166552075
4152.94738612701 57.10648 -1801.10972095635
4152.96815091586 57.10648 -1804.91784369733
4152.98891580852 57.10648 -1808.72603374281
4153.00968080501 57.10648 -1812.53429109183
4153.03044590533 57.10648 -1816.34261574375
4153.05121110947 57.10648 -1820.15100770305
4153.07197641744 57.10648 -1823.95946697475
4153.09274182924 57.10648 -1827.76799355586
4153.11350734486 57.10648 -1831.57658744375
4153.13427296431 57.10648 -1835.38524863701
4153.15503868759 57.10648 -1839.19397713559
4153.1758045147 57.10648 -1843.00277293859
4153.19657044564 57.10648 -1846.81163726281
4153.2173364804 57.10648 -1850.62056947798
4153.238102619 57.10648 -1854.42956894882
4153.25886886143 57.10648 -1858.23863567465
4153.27963520769 57.10648 -1862.04776965469
4153.30040165778 57.10648 -1865.85697088819
4153.32116821171 57.10648 -1869.66623937411
4153.34193486947 57.10648 -1873.47557511145
4153.36270163106 57.10648 -1877.28497809984
4153.38346849648 57.10648 -1881.0944483381
4153.40423546574 57.10648 -1884.9039858253
4153.42500253884 57.10648 -1888.7135905608
4153.44576971577 57.10648 -1892.52326254367
4153.46653699653 57.10648 -1896.33300177311
4153.48730438114 57.10648 -1900.14280824803
4153.50807186958 57.10648 -1903.95268196788
4153.52883946186 57.10648 -1907.7626229316
4153.54960715797 57.10648 -1911.57263113869
4153.57037495793 57.10648 -1915.38270658839
4153.59114286172 57.10648 -1919.19284927944
4153.61191086936 57.10648 -1923.00305921099
4153.63267898083 57.10648 -1926.81333638214
4153.65344719615 57.10648 -1930.62368079176
4153.6742155153 57.10648 -1934.43409243964
4153.6949839383 57.10648 -1938.24457154779
4153.71575246514 57.10648 -1942.05511795359
4153.73652109583 57.10648 -1945.86573154949
4153.75728983035 57.10648 -1949.67641233371
4153.77805866872 57.10648 -1953.48716030549
4153.79882761094 57.10648 -1957.29797546384
4153.819596657 57.10648 -1961.10885780858
4153.84036580691 57.10648 -1964.91980714221
4153.86113506066 57.10648 -1968.73082363772
4153.88190441826 57.10648 -1972.54190740192
4153.9026738797 57.10648 -1976.35305843486
4153.923443445 57.10648 -1980.16427673575
4153.94421311414 57.10648 -1983.97556230326
4153.96498288713 57.10648 -1987.78691513705
4153.98575276397 57.10648 -1991.59833523609
4154.00652274466 57.10648 -1995.40982259941
4154.0272928292 57.10648 -1999.22137722629
4154.04806301759 57.10648 -2003.0329991158
4154.06883330983 57.10648 -2006.84468826722
4154.08960370592 57.10648 -2010.65644467956
4154.11037420586 57.10648 -2014.46826835198
4154.13114480966 57.10648 -2018.28015928367
4154.15191551731 57.10648 -2022.09211747369
4154.17268632882 57.10648 -2025.90414292135
4154.19345724417 57.10648 -2029.7162356257
4154.21422826339 57.10648 -2033.5283955853
4154.23499938646 57.10648 -2037.34062280037
4154.25577061338 57.10648 -2041.15291727612
4154.27654194416 57.10648 -2044.96527901826
4154.2973133788 57.10648 -2048.77770802626
4154.3180849173 57.10648 -2052.59020429895
4154.33885655965 57.10648 -2056.40276783554
4154.35962830586 57.10648 -2060.21539863544
4154.38040015593 57.10648 -2064.02809669753
4154.40117210987 57.10648 -2067.84086202061
4154.42194416766 57.10648 -2071.6536946043
4154.44271632931 57.10648 -2075.466594448
4154.46348859482 57.10648 -2079.27956155078
4154.48426096419 57.10648 -2083.09259591187
4154.50503343743 57.10648 -2086.90569753061
4154.52580601453 57.10648 -2090.718866406
4154.54657869549 57.10648 -2094.53210253747
4154.56735148031 57.10648 -2098.34540592401
4154.588124369 57.10648 -2102.1587765645
4154.60889736156 57.10648 -2105.97221445855
4154.62967045798 57.10648 -2109.78571960501
4154.65044365826 57.10648 -2113.59929200321
4154.67121696242 57.10648 -2117.41293165297
4154.69199037043 57.10648 -2121.22663855387
4154.71276388232 57.10648 -2125.04041270432
4154.73353749807 57.10648 -2128.85425410318
4154.75431121769 57.10648 -2132.66816274956
4154.77508504118 57.10648 -2136.48213864615
4154.79585896854 57.10648 -2140.29618178948
4154.81663299977 57.10648 -2144.11029217799
4154.83740713488 57.10648 -2147.92446981333
4154.85818137385 57.10648 -2151.73871469256
4154.87895571669 57.10648 -2155.55302681421
4154.8997301634 57.10648 -2159.36740617773
4154.92050471399 57.10648 -2163.18185278252
4154.94127936845 57.10648 -2166.99636662722
4154.96205412678 57.10648 -2170.81094771124
4154.98282898899 57.10648 -2174.62559603361
4155.00360395508 57.10648 -2178.44031159358
4155.02437902503 57.10648 -2182.25509439036
4155.04515419887 57.10648 -2186.06994442268
4155.06592947657 57.10648 -2189.88486169027
4155.08670485816 57.10648 -2193.699846192
4155.10748034362 57.10648 -2197.51489792672
4155.12825593296 57.10648 -2201.33001689418
4155.14903162618 57.10648 -2205.14520309308
4155.16980742328 57.10648 -2208.9604565227
4155.19058332426 57.10648 -2212.77577718216
4155.21135932911 57.10648 -2216.59116507075
4155.23213543785 57.10648 -2220.40662019451
4155.25291165047 57.10648 -2224.22214266463
4155.27368796697 57.10648 -2228.03773236977
4155.29446438735 57.10648 -2231.85338930828
4155.31524091161 57.10648 -2235.66911347967
4155.33601753976 57.10648 -2239.48490488322
4155.35679427179 57.10648 -2243.30076351788
4155.3775711077 57.10648 -2247.11668938263
4155.3983480475 57.10648 -2250.93268247689
4155.41912509118 57.10648 -2254.74874279984
4155.43990223875 57.10648 -2258.56487034787
4155.4606794902 57.10648 -2262.38106516866
4155.48145684554 57.10648 -2266.19732733155
4155.50223430477 57.10648 -2270.01365680368
4155.52301186789 57.10648 -2273.83005358403
4155.54378953489 57.10648 -2277.64651767158
4155.56456730578 57.10648 -2281.46304906573
4155.58534518056 57.10648 -2285.27964776525
4155.60612315923 57.10648 -2289.09631376968
4155.6269012418 57.10648 -2292.91304707755
4155.64767942825 57.10648 -2296.72984768728
4155.66845771859 57.10648 -2300.54671559986
4155.68923611282 57.10648 -2304.36365081359
4155.71001461095 57.10648 -2308.18065332836
4155.73079321297 57.10648 -2311.99772314304
4155.75157191888 57.10648 -2315.81485972191
4155.77235072869 57.10648 -2319.63206343381
4155.79312964239 57.10648 -2323.4493346471
4155.81390865999 57.10648 -2327.26667336033
4155.83468778148 57.10648 -2331.08407957295
4155.85546700687 57.10648 -2334.90155328404
4155.87624633615 57.10648 -2338.71909449297
4155.89702576933 57.10648 -2342.53670319848
4155.91780530641 57.10648 -2346.35437940003
4155.93858494738 57.10648 -2350.17212309648
4155.95936469226 57.10648 -2353.98993428707
4155.98014454103 57.10648 -2357.80781297077
4156.0009244937 57.10648 -2361.62575913403
4156.02170455027 57.10648 -2365.44377277076
4156.04248471075 57.10648 -2369.26185387977
4156.06326497512 57.10648 -2373.08000246032
4156.0840453434 57.10648 -2376.89821851166
4156.10482581557 57.10648 -2380.71650203274
4156.12560639166 57.10648 -2384.53485302242
4156.14638707164 57.10648 -2388.35327148073
4156.16716785553 57.10648 -2392.1717574063
4156.18794874332 57.10648 -2395.99031079863
4156.20872973501 57.10648 -2399.80893165651
4156.22951083062 57.10648 -2403.62761997916
4156.25029203012 57.10648 -2407.44637576599
4156.27107333354 57.10648 -2411.26519901561
4156.29185474086 57.10648 -2415.08408972697
4156.31263625208 57.10648 -2418.90304790029
4156.33341786722 57.10648 -2422.72207353408
4156.35419958626 57.10648 -2426.54116662815
4156.37498140921 57.10648 -2430.36032718128
4156.39576333608 57.10648 -2434.17955519258
4156.41654536685 57.10648 -2437.99885066135
4156.43732750153 57.10648 -2441.81821358661
4156.45810974012 57.10648 -2445.63764396782
4156.47889208263 57.10648 -2449.45714180365
4156.49967452904 57.10648 -2453.27670709346
4156.52045707937 57.10648 -2457.09633983644
4156.54123973361 57.10648 -2460.91604003151
4156.56202249177 57.10648 -2464.73580767802
4156.58280535384 57.10648 -2468.55564277523
4156.60358831982 57.10648 -2472.37554532199
4156.62437138972 57.10648 -2476.19551531731
4156.64515456354 57.10648 -2480.01555276405
4156.66593784127 57.10648 -2483.83565766971
4156.68672122292 57.10648 -2487.65583003435
4156.70750470848 57.10648 -2491.47606985695
4156.72828829796 57.10648 -2495.29637713685
4156.74907199136 57.10648 -2499.11675187305
4156.76985578868 57.10648 -2502.93719406457
4156.79063968992 57.10648 -2506.7577037107
4156.81142369508 57.10648 -2510.57828081042
4156.83220780416 57.10648 -2514.39892536331
4156.85299201716 57.10648 -2518.21963736773
4156.87377633408 57.10648 -2522.04041682344
4156.89456075492 57.10648 -2525.86126372938
4156.91534527969 57.10648 -2529.68217808472
4156.93612990838 57.10648 -2533.50315988856
4156.95691464099 57.10648 -2537.32420914011
4156.97769947752 57.10648 -2541.14532583784
4156.99848441798 57.10648 -2544.96650998172
4157.01926946237 57.10648 -2548.78776157085
4157.04005461068 57.10648 -2552.60908060444
4157.06083986291 57.10648 -2556.43046708153
4157.08162521908 57.10648 -2560.2519210236
4157.10241067917 57.10648 -2564.07344254439
4157.12319624318 57.10648 -2567.89503161405
4157.14398191113 57.10648 -2571.71668823181
4157.164767683 57.10648 -2575.53841239671
4157.18555355881 57.10648 -2579.360204108
4157.20633953854 57.10648 -2583.18206336475
4157.2271256222 57.10648 -2587.00399016602
4157.24791180979 57.10648 -2590.82598451131
4157.26869810132 57.10648 -2594.64804639929
4157.28948449678 57.10648 -2598.47017582939
4157.31027099616 57.10648 -2602.29237280045
4157.33105759949 57.10648 -2606.11463731026
4157.35184430674 57.10648 -2609.9369693598
4157.37263111793 57.10648 -2613.75936894864
4157.39341803305 57.10648 -2617.58183607558
4157.41420505211 57.10648 -2621.40437074006
4157.4349921751 57.10648 -2625.22697294078
4157.45577940203 57.10648 -2629.04964267734
4157.4765667329 57.10648 -2632.87237994866
4157.4973541677 57.10648 -2636.69518475375
4157.51814170644 57.10648 -2640.51805709209
4157.53892934912 57.10648 -2644.34099696252
4157.55971709573 57.10648 -2648.16400436429
4157.58050494629 57.10648 -2651.98707929659
4157.60129290078 57.10648 -2655.81022175857
4157.62208095922 57.10648 -2659.63343174918
4157.64286912159 57.10648 -2663.45670926771
4157.66365738791 57.10648 -2667.28005431384
4157.68444575817 57.10648 -2671.10346688627
4157.70523423237 57.10648 -2674.92694698427
4157.72602281051 57.10648 -2678.75049460701
4157.74681149259 57.10648 -2682.57410975438
4157.76760027862 57.10648 -2686.39779242492
4157.7883891686 57.10648 -2690.22154261749
4157.80917816252 57.10648 -2694.04536033128
4157.82996726038 57.10648 -2697.86924556492
4157.85075646219 57.10648 -2701.69319831625
4157.87154576794 57.10648 -2705.51721859422
4157.89233517765 57.10648 -2709.34130639859
4157.9131246913 57.10648 -2713.1654617303
4157.93391430889 57.10648 -2716.9896845865
4157.95470403044 57.10648 -2720.81397496532
4157.97549385593 57.10648 -2724.63833286636
4157.99628378538 57.10648 -2728.4627582883
4158.01707381877 57.10648 -2732.28725122831
4158.03786395612 57.10648 -2736.11181168756
4158.05865419741 57.10648 -2739.93643966526
4158.07944454266 57.10648 -2743.76113516079
4158.10023499186 57.10648 -2747.58589817339
4158.12102554501 57.10648 -2751.4107287024
4158.14181620211 57.10648 -2755.23562674654
4158.16260696317 57.10648 -2759.06059230485
4158.18339782818 57.10648 -2762.88562537578
4158.20418879715 57.10648 -2766.71072595592
4158.22497987007 57.10648 -2770.53589404748
4158.24577104695 57.10648 -2774.36112964983
4158.26656232778 57.10648 -2778.18643276182
4158.28735371257 57.10648 -2782.01180317714
4158.30814520132 57.10648 -2785.83724006021
4158.32893679402 57.10648 -2789.66274336509
4158.34972849069 57.10648 -2793.48831399086
4158.37052029131 57.10648 -2797.31395193743
4158.39131219589 57.10648 -2801.13965720347
4158.41210420443 57.10648 -2804.96542978874
4158.43289631693 57.10648 -2808.79126969195
4158.45368853339 57.10648 -2812.61717691269
4158.47448085382 57.10648 -2816.44315144971
4158.4952732782 57.10648 -2820.26919330227
4158.51606580655 57.10648 -2824.09530246957
4158.53685843886 57.10648 -2827.92147895076
4158.55765117514 57.10648 -2831.74772274502
4158.57844401537 57.10648 -2835.57403385122
4158.59923695958 57.10648 -2839.40041226855
4158.62003000774 57.10648 -2843.22685799682
4158.64082315988 57.10648 -2847.05337103482
4158.66161641598 57.10648 -2850.87995138172
4158.68240977604 57.10648 -2854.70659903685
4158.70320324007 57.10648 -2858.53331398751
4158.72399680807 57.10648 -2862.36009615099
4158.74479048004 57.10648 -2866.186945711
4158.76558425598 57.10648 -2870.01386266784
4158.78637813588 57.10648 -2873.84084702045
4158.80717211976 57.10648 -2877.66789876831
4158.8279662076 57.10648 -2881.49501791044
4158.84876039942 57.10648 -2885.32220444559
4158.86955469521 57.10648 -2889.1494583732
4158.89034909497 57.10648 -2892.97677969216
4158.9111435987 57.10648 -2896.80416840205
4158.9319382064 57.10648 -2900.6316245019
4158.95273291808 57.10648 -2904.45914799081
4158.97352773373 57.10648 -2908.28673886805
4158.99432265336 57.10648 -2912.11439713272
4159.01511767696 57.10648 -2915.9421227838
4159.03591280454 57.10648 -2919.7699158317
4159.05670803609 57.10648 -2923.59777628193
4159.07750337162 57.10648 -2927.42570412631
4159.09829881112 57.10648 -2931.25369936376
4159.11909435461 57.10648 -2935.08176199403
4159.13989000207 57.10648 -2938.90989201572
4159.16068575351 57.10648 -2942.73808942819
4159.18148160892 57.10648 -2946.56635423065
4159.20227756832 57.10648 -2950.39468642232
4159.2230736317 57.10648 -2954.22308600196
4159.24386979906 57.10648 -2958.05155296964
4159.2646660704 57.10648 -2961.88008732351
4159.28546244572 57.10648 -2965.70868906303
4159.30625892502 57.10648 -2969.53735818722
4159.32705550831 57.10648 -2973.36609469566
4159.34785219558 57.10648 -2977.19489858676
4159.36864898683 57.10648 -2981.02376986038
4159.38944588207 57.10648 -2984.85270851585
4159.41024288129 57.10648 -2988.6817145518
4159.4310399845 57.10648 -2992.51078796795
4159.45183719169 57.10648 -2996.33992876324
4159.47263450287 57.10648 -3000.16913693699
4159.49343191804 57.10648 -3003.9984124882
4159.51422943719 57.10648 -3007.82775541679
4159.53502706033 57.10648 -3011.65716572128
4159.55582478746 57.10648 -3015.48664340124
4159.57662261858 57.10648 -3019.31618845561
4159.59742055369 57.10648 -3023.14580088377
4159.61821859278 57.10648 -3026.97548068456
4159.63901673587 57.10648 -3030.80522785711
4159.65981498295 57.10648 -3034.63504240093
4159.68061333402 57.10648 -3038.46492431509
4159.70141178908 57.10648 -3042.2948735983
4159.72221034814 57.10648 -3046.12489025011
4159.74300901119 57.10648 -3049.95497426973
4159.76380777823 57.10648 -3053.78512565582
4159.78460664927 57.10648 -3057.61534440809
4159.8054056243 57.10648 -3061.44563052559
4159.82620470332 57.10648 -3065.27598400745
4159.84700388634 57.10648 -3069.10640485234
4159.86780317336 57.10648 -3072.93689305844
4159.88860256438 57.10648 -3076.76744862317
4159.90940205939 57.10648 -3080.59807154847
4159.9302016584 57.10648 -3084.42876183343
4159.9510013614 57.10648 -3088.25951947728
4159.97180116841 57.10648 -3092.09034447881
4159.99260107942 57.10648 -3095.92123683785
4160.01340109442 57.10648 -3099.75219655293
4160.03420121343 57.10648 -3103.58322362335
4160.05500143643 57.10648 -3107.4143180484
4160.07580176344 57.10648 -3111.24547982721
4160.09660219445 57.10648 -3115.076708959
4160.11740272946 57.10648 -3118.90800544244
4160.13820336848 57.10648 -3122.73936927725
4160.1590041115 57.10648 -3126.57080046205
4160.17980495852 57.10648 -3130.40229899622
4160.20060590955 57.10648 -3134.23386487927
4160.22140696458 57.10648 -3138.0654981103
4160.24220812362 57.10648 -3141.89719868042
4160.26300938666 57.10648 -3145.72896660882
4160.28381075371 57.10648 -3149.56080189452
4160.30461222477 57.10648 -3153.39270453671
4160.32541379983 57.10648 -3157.22467453495
4160.34621547891 57.10648 -3161.05671214174
4160.36701726199 57.10648 -3164.88881719046
4160.38781914908 57.10648 -3168.72098966364
4160.40862114018 57.10648 -3172.55322956068
4160.42942323529 57.10648 -3176.38553688034
4160.45022543441 57.10648 -3180.21791162201
4160.47102773755 57.10648 -3184.05035378485
4160.49183014469 57.10648 -3187.88286336763
4160.51263265585 57.10648 -3191.71544036938
4160.53343527102 57.10648 -3195.54808478966
4160.5542379902 57.10648 -3199.38079662727
4160.5750408134 57.10648 -3203.21357593618
4160.59584374061 57.10648 -3207.04642267606
4160.61664677183 57.10648 -3210.87933678442
4160.63744990708 57.10648 -3214.71231826034
4160.65825314633 57.10648 -3218.54536710314
4160.67905648961 57.10648 -3222.37848331183
4160.6998599369 57.10648 -3226.21166688532
4160.72066348821 57.10648 -3230.044917823
4160.74146714353 57.10648 -3233.87823612392
4160.76227090288 57.10648 -3237.71162179695
4160.78307476624 57.10648 -3241.54507483228
4160.80387873363 57.10648 -3245.37859522819
4160.82468280503 57.10648 -3249.21218298364
4160.84548698045 57.10648 -3253.04583809795
4160.8662912599 57.10648 -3256.87956189798
4160.88709564337 57.10648 -3260.7133561404
4160.90790013086 57.10648 -3264.54721767508
4160.92870472237 57.10648 -3268.38114649758
4160.9495094179 57.10648 -3272.21514260697
4160.97031421746 57.10648 -3276.04920600248
4160.99111912105 57.10648 -3279.88333668103
4161.01192412866 57.10648 -3283.71753464218
4161.03272924029 57.10648 -3287.55179988734
4161.05353445595 57.10648 -3291.38613241559
4161.07433977563 57.10648 -3295.22053222657
4161.09514519935 57.10648 -3299.05499931911
4161.11595072709 57.10648 -3302.88953369251
4161.13675635885 57.10648 -3306.72413534507
4161.15756209465 57.10648 -3310.55880427665
4161.17836793447 57.10648 -3314.39354048674
4161.19917387833 57.10648 -3318.22834397414
4161.21997992621 57.10648 -3322.06321473799
4161.24078607813 57.10648 -3325.89815277785
4161.26159233407 57.10648 -3329.7331580925
4161.28239869405 57.10648 -3333.56823068091
4161.30320515806 57.10648 -3337.4033705427
4161.3240117261 57.10648 -3341.23857767696
4161.34481839818 57.10648 -3345.07385208262
4161.36562517429 57.10648 -3348.90919375897
4161.38643205443 57.10648 -3352.74460270513
4161.40723903861 57.10648 -3356.58007892044
4161.42804612682 57.10648 -3360.41562240438
4161.44885331907 57.10648 -3364.25123316101
4161.46966061535 57.10648 -3368.08691119052
4161.49046801568 57.10648 -3371.92265649191
4161.51127552003 57.10648 -3375.75846906426
4161.53208312843 57.10648 -3379.59434890679
4161.55289084087 57.10648 -3383.43029601893
4161.57369865734 57.10648 -3387.2663103996
4161.59450657785 57.10648 -3391.10239204776
4161.61531460241 57.10648 -3394.93854096288
4161.636122731 57.10648 -3398.77475714399
4161.65693096363 57.10648 -3402.61104059036
4161.67773930031 57.10648 -3406.44739130083
4161.69854774103 57.10648 -3410.28380927476
4161.71935628579 57.10648 -3414.12029451137
4161.74016493459 57.10648 -3417.95684700982
4161.76097368744 57.10648 -3421.79346676911
4161.78178254433 57.10648 -3425.63015378843
4161.80259150526 57.10648 -3429.46690806717
4161.82340057024 57.10648 -3433.30372960398
4161.84420973927 57.10648 -3437.1406183986
4161.86501901234 57.10648 -3440.97757444989
4161.88582838946 57.10648 -3444.81459775758
4161.90663787062 57.10648 -3448.65168832067
4161.92744745584 57.10648 -3452.48884613803
4161.9482571451 57.10648 -3456.32607120909
4161.96906693841 57.10648 -3460.16336351383
4161.98987683577 57.10648 -3464.0007231914
4162.01068683718 57.10648 -3467.83815025816
4162.03149694264 57.10648 -3471.67564471348
4162.05230715215 57.10648 -3475.5132065566
4162.07311746571 57.10648 -3479.35083578657
4162.09392788332 57.10648 -3483.18853240248
4162.11473840499 57.10648 -3487.02629640363
4162.13554903071 57.10648 -3490.864127789
4162.15635976048 57.10648 -3494.70202655801
4162.1771705943 57.10648 -3498.53999270939
4162.19798153218 57.10648 -3502.37802624259
4162.21879257412 57.10648 -3506.21612715673
4162.23960372011 57.10648 -3510.05429545111
4162.26041497016 57.10648 -3513.89253112452
4162.28122632426 57.10648 -3517.73083417632
4162.30203778242 57.10648 -3521.56920460555
4162.32284934464 57.10648 -3525.40764241129
4162.34366101091 57.10648 -3529.24614759264
4162.36447278125 57.10648 -3533.08472014908
4162.38528465564 57.10648 -3536.9233600795
4162.40609663409 57.10648 -3540.76206738324
4162.42690871661 57.10648 -3544.60084206524
4162.44772090318 57.10648 -3548.43968412294
4162.46853319382 57.10648 -3552.27859355124
4162.48934558851 57.10648 -3556.11757034903
4162.51015808727 57.10648 -3559.95661451591
4162.53097069009 57.10648 -3563.79572605067
4162.55178339698 57.10648 -3567.63490495281
4162.57259620793 57.10648 -3571.47415122175
4162.59340912294 57.10648 -3575.31346485628
4162.61422214202 57.10648 -3579.15284585622
4162.63503526516 57.10648 -3582.99229423638
4162.65584849237 57.10648 -3586.83180999275
4162.67666182365 57.10648 -3590.67139312367
4162.69747525899 57.10648 -3594.51104362916
4162.7182887984 57.10648 -3598.35076150756
4162.73910244188 57.10648 -3602.19054675835
4162.75991618943 57.10648 -3606.0303993811
4162.78073004104 57.10648 -3609.87031937487
4162.80154399673 57.10648 -3613.71030673819
4162.82235805648 57.10648 -3617.55036147083
4162.84317222031 57.10648 -3621.39048357169
4162.8639864882 57.10648 -3625.23067303813
4162.88480086017 57.10648 -3629.07092984698
4162.90561533621 57.10648 -3632.91125399047
4162.92642991633 57.10648 -3636.75164546785
4162.94724460051 57.10648 -3640.5921042782
4162.96805938877 57.10648 -3644.43263042045
4162.98887428111 57.10648 -3648.27322389389
4163.00968927752 57.10648 -3652.11388469661
4163.030504378 57.10648 -3655.95461282873
4163.05131958256 57.10648 -3659.79540828969
4163.0721348912 57.10648 -3663.63627107847
4163.09295030391 57.10648 -3667.47720119436
4163.1137658207 57.10648 -3671.31819863648
4163.13458144157 57.10648 -3675.15926340411
4163.15539716651 57.10648 -3679.00039549625
4163.17621299554 57.10648 -3682.8415949106
4163.19702892864 57.10648 -3686.68286164812
4163.21784496583 57.10648 -3690.52419570819
4163.23866110709 57.10648 -3694.3655970897
4163.25947735244 57.10648 -3698.20706579228
4163.28029370187 57.10648 -3702.04860181478
4163.30111015538 57.10648 -3705.89020515622
4163.32192671297 57.10648 -3709.73187581003
4163.34274337464 57.10648 -3713.57361377807
4163.3635601404 57.10648 -3717.41541906362
4163.38437701024 57.10648 -3721.25729166609
4163.40519398417 57.10648 -3725.09923158422
4163.42601106219 57.10648 -3728.9412385221
4163.44682824428 57.10648 -3732.78330874931
4163.46764553047 57.10648 -3736.62544672871
4163.48846292074 57.10648 -3740.46765249233
4163.5092804151 57.10648 -3744.3099260396
4163.53009801354 57.10648 -3748.15226736941
4163.55091571608 57.10648 -3751.99467648108
4163.5717335227 57.10648 -3755.83715337357
4163.59255143341 57.10648 -3759.67969788461
4163.61336944822 57.10648 -3763.52231017001
4163.63418756711 57.10648 -3767.36499029246
4163.65500579009 57.10648 -3771.20773825074
4163.67582411717 57.10648 -3775.0505540429
4163.69664254833 57.10648 -3778.89343767042
4163.71746108359 57.10648 -3782.73638913221
4163.73827972294 57.10648 -3786.57940842781
4163.75909846639 57.10648 -3790.42249555615
4163.77991731393 57.10648 -3794.2656505161
4163.80073626556 57.10648 -3798.10887330657
4163.82155532129 57.10648 -3801.95216392306
4163.84237448112 57.10648 -3805.79552237069
