3.176420439024252475e-14
6.363035844438184574e-14
9.547526318282311058e-14
1.272882801207194853e-13
1.590587995960798105e-13
1.907762332271686524e-13
2.224301010665316635e-13
2.540337047733587596e-13
2.857515099699159121e-13
3.164187794586371697e-13
3.467720941277030599e-13
3.785577180099189213e-13
4.105187955502342152e-13
4.413762102008266660e-13
4.721238509237722382e-13
5.027400109830592469e-13
5.331905635727316761e-13
5.634659238204776974e-13
5.935565526716479503e-13
6.234529518759742613e-13
