# Fix print output for fix extra
4143.075124 57.10648 0.145470776315594 3.47200029077177e-06 0 0 0
4143.075124 57.10648 0.145470776213351 3.47210253406893e-06 0 0.001 1.00388183327694e-14
4143.4894315124 57.10648 0.0491500283897401 0.0963242199261449 9.99950003332973e-05 0.001 1.00388183327694e-14
4143.4894315124 57.10648 0.0491500278351649 0.0963242204807201 9.99950003332973e-05 0.002 1.02534991763532e-14
4144.3181293987 57.10648 0.19908464785239 0.0536103995365052 0.000299975002999864 0.002 1.02534991763532e-14
4144.3181293987 57.10648 0.199084645597952 0.053610397282067 0.000299975002999864 0.003 2.19287250323846e-14
4145.56142483752 57.10648 0.00546465118758356 0.140009597128301 0.000599930011998015 0.003 2.19287250323846e-14
4145.56142483752 57.10648 0.00546464111380075 0.140009607202084 0.000599930011998015 0.004 3.08264993710631e-14
4147.21964940746 57.10648 -0.0033837290771119 0.148857977392997 0.000999850033325181 0.004 3.08264993710631e-14
4147.21964940746 57.10648 -0.00338375382724111 0.148858002143126 0.000999850033325181 0.005 3.3722695668833e-14
