4143.4894315124 57.10648 0.0498117787760707 0.0497637098479408 9.99950003332973e-05 0.369 4.72572928370065e-16
4143.90378045555 57.10648 0.0496638144519027 0.0496157455237728 0.000199990000666756 0.37 1.27304311071415e-15
4144.3181708336 57.10648 0.0496892369568677 0.0496411680287379 0.000299985001000243 0.371 3.22117291230888e-15
4144.73260265068 57.10648 0.0496773137927995 0.0496292448646696 0.000399980001333524 0.372 6.05769355357335e-15
4145.14707591095 57.10648 0.0496734579521464 0.0496253890240165 0.000499975001666934 0.375 1.00616874281136e-14
4145.56159061854 57.10648 0.0495607426548052 0.0495126737266753 0.00059997000200026 0.374 1.11078392137621e-14
4145.9761467776 57.10648 0.0496896825225097 0.0496416135943798 0.000699965002333858 0.376 1.55040417339654e-14
4146.39074439228 57.10648 0.0496573592333402 0.0496092903052103 0.000799960002667095 0.378 1.73895625281387e-14
4146.80538346672 57.10648 0.0495808798926977 0.0495328109645679 0.000899955003000348 0.377 1.96997178982378e-14
4147.22006400507 57.10648 0.0496130015709223 0.0495649326427924 0.000999950003333892 0.385 2.41144233034425e-14
4147.63478601147 57.10648 0.0496179313843311 0.0495698624562012 0.00109994500366724 0.378 2.43866561729507e-14
4148.04954949007 57.10648 0.049605523635746 0.0495574547076161 0.00119994000400069 0.38 2.99550424430762e-14
4148.46435444502 57.10648 0.049678378763503 0.0496303098353731 0.00129993500433377 0.38 3.63918113360691e-14
4143.4894315124 57.10648 0.0491500283897582 0.0963242199261268 9.99950003332973e-05 0.37 1.00388183327694e-14
4144.3181293987 57.10648 0.199084647852507 0.0536103995366219 0.000299975002999864 0.37 1.02534991763532e-14
4145.56142483752 57.10648 0.00546465118763158 0.140009597128253 0.000599930011998015 0.687 2.19287250323846e-14
4147.21964940746 57.10648 -0.00338372907710178 0.148857977392987 0.000999850033325181 0.707 3.08264993710631e-14
4149.29325923216 57.10648 -0.00745462184208482 0.15292887015797 0.00149972507497613 0.711 3.3722695668833e-14
